format=v2.mm.cycle.v4 dimension=2 cycle=4  (order matters; every direction +)
container MM[7,7]
held:
  [7,7]     whole  MM[7,7] (2D)         seats (0,0) (0,1) (0,2) (0,3) (0,4) (0,5) (0,6) (1,0) (1,1) (1,2) (1,3) (1,4) (1,5) (1,6) (2,0) (2,1) (2,2) (2,3) (2,4) (2,5) (2,6) (3,0) (3,1) (3,2) (3,3) (3,4) (3,5) (3,6) (4,0) (4,1) (4,2) (4,3) (4,4) (4,5) (4,6) (5,0) (5,1) (5,2) (5,3) (5,4) (5,5) (5,6) (6,0) (6,1) (6,2) (6,3) (6,4) (6,5) (6,6)
  4         table  MM[2,2] (2D)         seats (0,0) (0,1) (1,0) (1,1)
  [2,3]     table  MM[2,3] (2D)         seats (0,0) (0,1) (0,2) (1,0) (1,1) (1,2)
  [2,5]     table  MM[2,5] (2D)         seats (0,0) (0,1) (0,2) (0,3) (0,4) (1,0) (1,1) (1,2) (1,3) (1,4)
  [2,7]     table  MM[2,7] (2D)         seats (0,0) (0,1) (0,2) (0,3) (0,4) (0,5) (0,6) (1,0) (1,1) (1,2) (1,3) (1,4) (1,5) (1,6)
  [3,2]     table  MM[3,2] (2D)         seats (0,0) (0,1) (1,0) (1,1) (2,0) (2,1)
  [3,3]     table  MM[3,3] (2D)         seats (0,0) (0,1) (0,2) (1,0) (1,1) (1,2) (2,0) (2,1) (2,2)
  [3,5]     table  MM[3,5] (2D)         seats (0,0) (0,1) (0,2) (0,3) (0,4) (1,0) (1,1) (1,2) (1,3) (1,4) (2,0) (2,1) (2,2) (2,3) (2,4)
  [3,7]     table  MM[3,7] (2D)         seats (0,0) (0,1) (0,2) (0,3) (0,4) (0,5) (0,6) (1,0) (1,1) (1,2) (1,3) (1,4) (1,5) (1,6) (2,0) (2,1) (2,2) (2,3) (2,4) (2,5) (2,6)
  [5,2]     table  MM[5,2] (2D)         seats (0,0) (0,1) (1,0) (1,1) (2,0) (2,1) (3,0) (3,1) (4,0) (4,1)
  [5,3]     table  MM[5,3] (2D)         seats (0,0) (0,1) (0,2) (1,0) (1,1) (1,2) (2,0) (2,1) (2,2) (3,0) (3,1) (3,2) (4,0) (4,1) (4,2)
  [5,5]     table  MM[5,5] (2D)         seats (0,0) (0,1) (0,2) (0,3) (0,4) (1,0) (1,1) (1,2) (1,3) (1,4) (2,0) (2,1) (2,2) (2,3) (2,4) (3,0) (3,1) (3,2) (3,3) (3,4) (4,0) (4,1) (4,2) (4,3) (4,4)
  [5,7]     table  MM[5,7] (2D)         seats (0,0) (0,1) (0,2) (0,3) (0,4) (0,5) (0,6) (1,0) (1,1) (1,2) (1,3) (1,4) (1,5) (1,6) (2,0) (2,1) (2,2) (2,3) (2,4) (2,5) (2,6) (3,0) (3,1) (3,2) (3,3) (3,4) (3,5) (3,6) (4,0) (4,1) (4,2) (4,3) (4,4) (4,5) (4,6)
  [7,2]     table  MM[7,2] (2D)         seats (0,0) (0,1) (1,0) (1,1) (2,0) (2,1) (3,0) (3,1) (4,0) (4,1) (5,0) (5,1) (6,0) (6,1)
  [7,3]     table  MM[7,3] (2D)         seats (0,0) (0,1) (0,2) (1,0) (1,1) (1,2) (2,0) (2,1) (2,2) (3,0) (3,1) (3,2) (4,0) (4,1) (4,2) (5,0) (5,1) (5,2) (6,0) (6,1) (6,2)
  [7,5]     table  MM[7,5] (2D)         seats (0,0) (0,1) (0,2) (0,3) (0,4) (1,0) (1,1) (1,2) (1,3) (1,4) (2,0) (2,1) (2,2) (2,3) (2,4) (3,0) (3,1) (3,2) (3,3) (3,4) (4,0) (4,1) (4,2) (4,3) (4,4) (5,0) (5,1) (5,2) (5,3) (5,4) (6,0) (6,1) (6,2) (6,3) (6,4)
  2₀        held   MM[2] (1D)           seats (0,0) (1,0)
  2₁        held   MM[2] (1D)           seats (0,0) (0,1)
  3₀        held   MM[3] (1D)           seats (0,0) (1,0) (2,0)
  3₁        held   MM[3] (1D)           seats (0,0) (0,1) (0,2)
  5₀        held   MM[5] (1D)           seats (0,0) (1,0) (2,0) (3,0) (4,0)
  5₁        held   MM[5] (1D)           seats (0,0) (0,1) (0,2) (0,3) (0,4)
  7₀        held   MM[7] (1D)           seats (0,0) (1,0) (2,0) (3,0) (4,0) (5,0) (6,0)
  7₁        held   MM[7] (1D)           seats (0,0) (0,1) (0,2) (0,3) (0,4) (0,5) (0,6)
  1         floor  MM[] (floor)         seats (0,0)
arrivals (new rings):
  O20  MM[O20] (1D) seats (0,0) (0,1) (0,2) (0,3) (0,4) (0,5) (0,6) (1,0) (1,1) (1,2) (1,3) (1,4) (1,5) (1,6) (2,0) (2,1) (2,2) (3,0) (3,1) (3,2) (4,0) (4,1) (4,2)   also met at 3 more region(s)
  O21  MM[O21] (1D) seats (0,0) (0,1) (0,2) (0,3) (0,4) (0,5) (0,6) (1,0) (1,1) (1,2) (1,3) (1,4) (1,5) (1,6) (2,0) (2,1) (2,2) (2,3) (2,4) (3,0) (3,1) (3,2) (3,3) (3,4) (4,0) (4,1) (4,2) (4,3) (4,4)   also met at 3 more region(s)
  O22  MM[O22] (1D) seats (0,0) (0,1) (0,2) (0,3) (0,4) (0,5) (0,6) (1,0) (1,1) (1,2) (1,3) (1,4) (1,5) (1,6) (2,0) (2,1) (2,2) (2,3) (2,4) (3,0) (3,1) (3,2) (3,3) (3,4) (4,0) (4,1) (4,2) (4,3) (4,4) (5,0) (5,1) (5,2) (5,3) (5,4) (6,0) (6,1) (6,2) (6,3) (6,4)   also met at 1 more region(s)
  O23  MM[O23] (1D) seats (0,0) (0,1) (0,2) (0,3) (0,4) (1,0) (1,1) (1,2) (1,3) (1,4) (2,0) (2,1) (2,2) (2,3) (2,4) (3,0) (3,1) (3,2) (4,0) (4,1) (4,2) (5,0) (5,1) (5,2) (6,0) (6,1) (6,2)   also met at 3 more region(s)
  O24  MM[O24] (1D) seats (0,0) (0,1) (0,2) (0,3) (0,4) (0,5) (0,6) (1,0) (1,1) (1,2) (1,3) (1,4) (1,5) (1,6) (2,0) (2,1) (2,2) (2,3) (2,4) (2,5) (2,6) (3,0) (3,1) (3,2) (3,3) (3,4) (4,0) (4,1) (4,2) (4,3) (4,4)   also met at 1 more region(s)
  O25  MM[O25] (1D) seats (0,0) (0,1) (0,2) (0,3) (0,4) (0,5) (0,6) (1,0) (1,1) (1,2) (1,3) (1,4) (1,5) (1,6) (2,0) (2,1) (2,2) (2,3) (2,4) (2,5) (2,6) (3,0) (3,1) (3,2) (4,0) (4,1) (4,2) (5,0) (5,1) (5,2) (6,0) (6,1) (6,2)
  O26  MM[O26] (1D) seats (0,0) (0,1) (0,2) (0,3) (0,4) (0,5) (0,6) (1,0) (1,1) (1,2) (1,3) (1,4) (1,5) (1,6) (2,0) (2,1) (2,2) (2,3) (2,4) (2,5) (2,6) (3,0) (3,1) (3,2) (3,3) (3,4) (4,0) (4,1) (4,2) (4,3) (4,4) (5,0) (5,1) (5,2) (5,3) (5,4) (6,0) (6,1) (6,2) (6,3) (6,4)   also met at 1 more region(s)
  O27  MM[O27] (1D) seats (0,0) (0,1) (0,2) (0,3) (0,4) (0,5) (0,6) (1,0) (1,1) (1,2) (1,3) (1,4) (1,5) (1,6) (2,0) (2,1) (2,2) (2,3) (2,4) (2,5) (2,6) (3,0) (3,1) (3,2) (3,3) (3,4) (3,5) (3,6) (4,0) (4,1) (4,2) (4,3) (4,4) (4,5) (4,6) (5,0) (5,1) (5,2) (5,3) (5,4) (6,0) (6,1) (6,2) (6,3) (6,4)
  O28  MM[O28] (1D) seats (0,0) (0,1) (0,2) (0,3) (0,4) (0,5) (0,6) (1,0) (1,1) (1,2) (1,3) (1,4) (1,5) (1,6) (2,0) (2,1) (2,2) (2,3) (2,4) (2,5) (2,6) (3,0) (3,1) (3,2) (3,3) (3,4) (3,5) (3,6) (4,0) (4,1) (4,2) (4,3) (4,4) (4,5) (4,6) (5,0) (6,0)   also met at 1 more region(s)
re-met (rings already on the rail, met here):
  8    MM[8] (1D)   seats (0,0) (0,1) (0,2) (1,0) (1,1) (1,2) (2,0) (2,1)   also met at 4 more region(s)
  [2,2,3] MM[[2,2,3]] (1D) seats (0,0) (0,1) (0,2) (1,0) (1,1) (1,2) (2,0) (2,1) (3,0) (3,1) (4,0) (4,1)   also met at 3 more region(s)
  [8,2] MM[[8,2]] (1D) seats (0,0) (0,1) (0,2) (1,0) (1,1) (1,2) (2,0) (2,1) (3,0) (3,1) (4,0) (4,1) (5,0) (5,1) (6,0) (6,1)   also met at 2 more region(s)
  11   MM[11] (1D)  seats (0,0) (0,1) (0,2) (1,0) (1,1) (1,2) (2,0) (3,0) (4,0) (5,0) (6,0)   also met at 7 more region(s)
  13   MM[13] (1D)  seats (0,0) (0,1) (0,2) (0,3) (0,4) (1,0) (1,1) (1,2) (1,3) (1,4) (2,0) (2,1) (2,2)   also met at 6 more region(s)
  19   MM[19] (1D)  seats (0,0) (0,1) (0,2) (0,3) (0,4) (1,0) (1,1) (1,2) (1,3) (1,4) (2,0) (2,1) (2,2) (3,0) (3,1) (3,2) (4,0) (4,1) (4,2)   also met at 7 more region(s)
  [5,4] MM[[5,4]] (1D) seats (0,0) (0,1) (0,2) (0,3) (0,4) (1,0) (1,1) (1,2) (1,3) (1,4) (2,0) (2,1) (3,0) (3,1) (4,0) (4,1) (5,0) (5,1) (6,0) (6,1)   also met at 1 more region(s)
  17   MM[17] (1D)  seats (0,0) (0,1) (0,2) (0,3) (0,4) (0,5) (0,6) (1,0) (1,1) (1,2) (1,3) (1,4) (1,5) (1,6) (2,0) (2,1) (2,2)   also met at 7 more region(s)
  [[2,3],4] MM[[[2,3],4]] (1D) seats (0,0) (0,1) (0,2) (0,3) (0,4) (0,5) (0,6) (1,0) (1,1) (1,2) (1,3) (1,4) (1,5) (1,6) (2,0) (2,1) (3,0) (3,1) (4,0) (4,1) (5,0) (5,1) (6,0) (6,1)
collapses (a rail ring this container's matrix is the resolution of):
  none

every address:   7{Q*([7,7]/O20, O20/[7,7], O20/4, 4/O20, O20/[2,3], [2,3]/O20, O20/[2,5], [2,5]/O20, O20/[2,7], [2,7]/O20, O20/[3,2], [3,2]/O20, O20/[3,3], [3,3]/O20, O20/[5,2], [5,2]/O20, O20/[5,3], [5,3]/O20, [5,7]/O20, O20/[5,7], O20/2₀, 2₀/O20, O20/2₁, 2₁/O20, O20/3₀, 3₀/O20, O20/3₁, 3₁/O20, O20/5₀, 5₀/O20, O20/5₁, 5₁/O20, O20/7₁, 7₁/O20, 1/O20, [7,7]/O21, O21/[7,7], O21/4, 4/O21, O21/[2,3], [2,3]/O21, O21/[2,5], [2,5]/O21, O21/[2,7], [2,7]/O21, O21/[3,2], [3,2]/O21, O21/[3,3], [3,3]/O21, O21/[3,5], [3,5]/O21, O21/[5,2], [5,2]/O21, O21/[5,3], [5,3]/O21, O21/[5,5], [5,5]/O21, [5,7]/O21, O21/[5,7], O21/2₀, 2₀/O21, O21/2₁, 2₁/O21, O21/3₀, 3₀/O21, O21/3₁, 3₁/O21, O21/5₀, 5₀/O21, O21/5₁, 5₁/O21, O21/7₁, 7₁/O21, 1/O21, [7,7]/O22, O22/[7,7], O22/4, 4/O22, O22/[2,3], [2,3]/O22, O22/[2,5], [2,5]/O22, O22/[2,7], [2,7]/O22, O22/[3,2], [3,2]/O22, O22/[3,3], [3,3]/O22, O22/[3,5], [3,5]/O22, O22/[5,2], [5,2]/O22, O22/[5,3], [5,3]/O22, O22/[5,5], [5,5]/O22, O22/[7,2], [7,2]/O22, O22/[7,3], [7,3]/O22, O22/[7,5], [7,5]/O22, O22/2₀, 2₀/O22, O22/2₁, 2₁/O22, O22/3₀, 3₀/O22, O22/3₁, 3₁/O22, O22/5₀, 5₀/O22, O22/5₁, 5₁/O22, O22/7₀, 7₀/O22, O22/7₁, 7₁/O22, 1/O22, [7,7]/O23, O23/[7,7], O23/4, 4/O23, O23/[2,3], [2,3]/O23, O23/[2,5], [2,5]/O23, O23/[3,2], [3,2]/O23, O23/[3,3], [3,3]/O23, O23/[3,5], [3,5]/O23, O23/[5,2], [5,2]/O23, O23/[5,3], [5,3]/O23, O23/[7,2], [7,2]/O23, O23/[7,3], [7,3]/O23, [7,5]/O23, O23/[7,5], O23/2₀, 2₀/O23, O23/2₁, 2₁/O23, O23/3₀, 3₀/O23, O23/3₁, 3₁/O23, O23/5₀, 5₀/O23, O23/5₁, 5₁/O23, O23/7₀, 7₀/O23, 1/O23, [7,7]/O24, O24/[7,7], O24/4, 4/O24, O24/[2,3], [2,3]/O24, O24/[2,5], [2,5]/O24, O24/[2,7], [2,7]/O24, O24/[3,2], [3,2]/O24, O24/[3,3], [3,3]/O24, O24/[3,5], [3,5]/O24, O24/[3,7], [3,7]/O24, O24/[5,2], [5,2]/O24, O24/[5,3], [5,3]/O24, O24/[5,5], [5,5]/O24, [5,7]/O24, O24/[5,7], O24/2₀, 2₀/O24, O24/2₁, 2₁/O24, O24/3₀, 3₀/O24, O24/3₁, 3₁/O24, O24/5₀, 5₀/O24, O24/5₁, 5₁/O24, O24/7₁, 7₁/O24, 1/O24, [7,7]/O25, O25/[7,7], O25/4, 4/O25, O25/[2,3], [2,3]/O25, O25/[2,5], [2,5]/O25, O25/[2,7], [2,7]/O25, O25/[3,2], [3,2]/O25, O25/[3,3], [3,3]/O25, O25/[3,5], [3,5]/O25, O25/[3,7], [3,7]/O25, O25/[5,2], [5,2]/O25, O25/[5,3], [5,3]/O25, O25/[7,2], [7,2]/O25, O25/[7,3], [7,3]/O25, O25/2₀, 2₀/O25, O25/2₁, 2₁/O25, O25/3₀, 3₀/O25, O25/3₁, 3₁/O25, O25/5₀, 5₀/O25, O25/5₁, 5₁/O25, O25/7₀, 7₀/O25, O25/7₁, 7₁/O25, 1/O25, [7,7]/O26, O26/[7,7], O26/4, 4/O26, O26/[2,3], [2,3]/O26, O26/[2,5], [2,5]/O26, O26/[2,7], [2,7]/O26, O26/[3,2], [3,2]/O26, O26/[3,3], [3,3]/O26, O26/[3,5], [3,5]/O26, O26/[3,7], [3,7]/O26, O26/[5,2], [5,2]/O26, O26/[5,3], [5,3]/O26, O26/[5,5], [5,5]/O26, O26/[7,2], [7,2]/O26, O26/[7,3], [7,3]/O26, O26/[7,5], [7,5]/O26, O26/2₀, 2₀/O26, O26/2₁, 2₁/O26, O26/3₀, 3₀/O26, O26/3₁, 3₁/O26, O26/5₀, 5₀/O26, O26/5₁, 5₁/O26, O26/7₀, 7₀/O26, O26/7₁, 7₁/O26, 1/O26, [7,7]/O27, O27/[7,7], O27/4, 4/O27, O27/[2,3], [2,3]/O27, O27/[2,5], [2,5]/O27, O27/[2,7], [2,7]/O27, O27/[3,2], [3,2]/O27, O27/[3,3], [3,3]/O27, O27/[3,5], [3,5]/O27, O27/[3,7], [3,7]/O27, O27/[5,2], [5,2]/O27, O27/[5,3], [5,3]/O27, O27/[5,5], [5,5]/O27, O27/[5,7], [5,7]/O27, O27/[7,2], [7,2]/O27, O27/[7,3], [7,3]/O27, O27/[7,5], [7,5]/O27, O27/2₀, 2₀/O27, O27/2₁, 2₁/O27, O27/3₀, 3₀/O27, O27/3₁, 3₁/O27, O27/5₀, 5₀/O27, O27/5₁, 5₁/O27, O27/7₀, 7₀/O27, O27/7₁, 7₁/O27, 1/O27, [7,7]/O28, O28/[7,7], O28/4, 4/O28, O28/[2,3], [2,3]/O28, O28/[2,5], [2,5]/O28, O28/[2,7], [2,7]/O28, O28/[3,2], [3,2]/O28, O28/[3,3], [3,3]/O28, O28/[3,5], [3,5]/O28, O28/[3,7], [3,7]/O28, O28/[5,2], [5,2]/O28, O28/[5,3], [5,3]/O28, O28/[5,5], [5,5]/O28, O28/[5,7], [5,7]/O28, O28/2₀, 2₀/O28, O28/2₁, 2₁/O28, O28/3₀, 3₀/O28, O28/3₁, 3₁/O28, O28/5₀, 5₀/O28, O28/5₁, 5₁/O28, O28/7₀, 7₀/O28, O28/7₁, 7₁/O28, 1/O28), Pq([7,7]/4, 4/[7,7], [7,7]/[2,3], [2,3]/[7,7], [7,7]/[2,5], [2,5]/[7,7], [7,7]/[2,7], [2,7]/[7,7], [7,7]/[3,2], [3,2]/[7,7], [7,7]/[3,3], [3,3]/[7,7], [7,7]/[3,5], [3,5]/[7,7], [7,7]/[3,7], [3,7]/[7,7], [7,7]/[5,2], [5,2]/[7,7], [7,7]/[5,3], [5,3]/[7,7], [7,7]/[5,5], [5,5]/[7,7], [7,7]/[5,7], [5,7]/[7,7], [7,7]/[7,2], [7,2]/[7,7], [7,7]/[7,3], [7,3]/[7,7], [7,7]/[7,5], [7,5]/[7,7], [7,7]/2₀, 2₀/[7,7], [7,7]/2₁, 2₁/[7,7], [7,7]/3₀, 3₀/[7,7], [7,7]/3₁, 3₁/[7,7], [7,7]/5₀, 5₀/[7,7], [7,7]/5₁, 5₁/[7,7], [[7,7]/7₀, [2,7]/2₀, [3,7]/3₀, [5,7]/5₀], [7₀/[7,7], 2₀/[2,7], 3₀/[3,7], 5₀/[5,7], 1/7₁], [[7,7]/7₁, [7,2]/2₁, [7,3]/3₁, [7,5]/5₁], [7₁/[7,7], 2₁/[7,2], 3₁/[7,3], 5₁/[7,5], 1/7₀], 1/[7,7], [2,3]/4, 4/[2,3], [2,5]/4, 4/[2,5], [2,7]/4, 4/[2,7], [3,2]/4, 4/[3,2], [3,3]/4, 4/[3,3], [3,5]/4, 4/[3,5], [3,7]/4, 4/[3,7], [5,2]/4, 4/[5,2], [5,3]/4, 4/[5,3], [5,5]/4, 4/[5,5], [5,7]/4, 4/[5,7], [7,2]/4, 4/[7,2], [7,3]/4, 4/[7,3], [7,5]/4, 4/[7,5], [4/2₀, [3,2]/3₀, [5,2]/5₀, [7,2]/7₀], [2₀/4, 3₀/[3,2], 5₀/[5,2], 7₀/[7,2], 1/2₁], [4/2₁, [2,3]/3₁, [2,5]/5₁, [2,7]/7₁], [2₁/4, 3₁/[2,3], 5₁/[2,5], 7₁/[2,7], 1/2₀], 1/4, [2,5]/[2,3], [2,3]/[2,5], [2,7]/[2,3], [2,3]/[2,7], [3,3]/[2,3], [2,3]/[3,3], [3,5]/[2,3], [2,3]/[3,5], [3,7]/[2,3], [2,3]/[3,7], [5,3]/[2,3], [2,3]/[5,3], [5,5]/[2,3], [2,3]/[5,5], [5,7]/[2,3], [2,3]/[5,7], [7,3]/[2,3], [2,3]/[7,3], [7,5]/[2,3], [2,3]/[7,5], [[2,3]/2₀, [3,3]/3₀, [5,3]/5₀, [7,3]/7₀], [2₀/[2,3], 3₀/[3,3], 5₀/[5,3], 7₀/[7,3], 1/3₁], [2,3]/2₁, 2₁/[2,3], 1/[2,3], [2,7]/[2,5], [2,5]/[2,7], [3,5]/[2,5], [2,5]/[3,5], [3,7]/[2,5], [2,5]/[3,7], [5,5]/[2,5], [2,5]/[5,5], [5,7]/[2,5], [2,5]/[5,7], [7,5]/[2,5], [2,5]/[7,5], [[2,5]/2₀, [3,5]/3₀, [5,5]/5₀, [7,5]/7₀], [2₀/[2,5], 3₀/[3,5], 5₀/[5,5], 7₀/[7,5], 1/5₁], [2,5]/2₁, 2₁/[2,5], [2,5]/3₁, 3₁/[2,5], 1/[2,5], [3,7]/[2,7], [2,7]/[3,7], [5,7]/[2,7], [2,7]/[5,7], [2,7]/2₁, 2₁/[2,7], [2,7]/3₁, 3₁/[2,7], [2,7]/5₁, 5₁/[2,7], 1/[2,7], [3,3]/[3,2], [3,2]/[3,3], [3,5]/[3,2], [3,2]/[3,5], [3,7]/[3,2], [3,2]/[3,7], [5,2]/[3,2], [3,2]/[5,2], [5,3]/[3,2], [3,2]/[5,3], [5,5]/[3,2], [3,2]/[5,5], [5,7]/[3,2], [3,2]/[5,7], [7,2]/[3,2], [3,2]/[7,2], [7,3]/[3,2], [3,2]/[7,3], [7,5]/[3,2], [3,2]/[7,5], [3,2]/2₀, 2₀/[3,2], [[3,2]/2₁, [3,3]/3₁, [3,5]/5₁, [3,7]/7₁], [2₁/[3,2], 3₁/[3,3], 5₁/[3,5], 7₁/[3,7], 1/3₀], 1/[3,2], [3,5]/[3,3], [3,3]/[3,5], [3,7]/[3,3], [3,3]/[3,7], [5,3]/[3,3], [3,3]/[5,3], [5,5]/[3,3], [3,3]/[5,5], [5,7]/[3,3], [3,3]/[5,7], [7,3]/[3,3], [3,3]/[7,3], [7,5]/[3,3], [3,3]/[7,5], [3,3]/2₀, 2₀/[3,3], [3,3]/2₁, 2₁/[3,3], 1/[3,3], [3,7]/[3,5], [3,5]/[3,7], [5,5]/[3,5], [3,5]/[5,5], [5,7]/[3,5], [3,5]/[5,7], [7,5]/[3,5], [3,5]/[7,5], [3,5]/2₀, 2₀/[3,5], [3,5]/2₁, 2₁/[3,5], [3,5]/3₁, 3₁/[3,5], 1/[3,5], [5,7]/[3,7], [3,7]/[5,7], [3,7]/2₀, 2₀/[3,7], [3,7]/2₁, 2₁/[3,7], [3,7]/3₁, 3₁/[3,7], [3,7]/5₁, 5₁/[3,7], 1/[3,7], [5,3]/[5,2], [5,2]/[5,3], [5,5]/[5,2], [5,2]/[5,5], [5,7]/[5,2], [5,2]/[5,7], [7,2]/[5,2], [5,2]/[7,2], [7,3]/[5,2], [5,2]/[7,3], [7,5]/[5,2], [5,2]/[7,5], [5,2]/2₀, 2₀/[5,2], [[5,2]/2₁, [5,3]/3₁, [5,5]/5₁, [5,7]/7₁], [2₁/[5,2], 3₁/[5,3], 5₁/[5,5], 7₁/[5,7], 1/5₀], [5,2]/3₀, 3₀/[5,2], 1/[5,2], [5,5]/[5,3], [5,3]/[5,5], [5,7]/[5,3], [5,3]/[5,7], [7,3]/[5,3], [5,3]/[7,3], [7,5]/[5,3], [5,3]/[7,5], [5,3]/2₀, 2₀/[5,3], [5,3]/2₁, 2₁/[5,3], [5,3]/3₀, 3₀/[5,3], 1/[5,3], [5,7]/[5,5], [5,5]/[5,7], [7,5]/[5,5], [5,5]/[7,5], [5,5]/2₀, 2₀/[5,5], [5,5]/2₁, 2₁/[5,5], [5,5]/3₀, 3₀/[5,5], [5,5]/3₁, 3₁/[5,5], 1/[5,5], [5,7]/2₀, 2₀/[5,7], [5,7]/2₁, 2₁/[5,7], [5,7]/3₀, 3₀/[5,7], [5,7]/3₁, 3₁/[5,7], [5,7]/5₁, 5₁/[5,7], 1/[5,7], [7,3]/[7,2], [7,2]/[7,3], [7,5]/[7,2], [7,2]/[7,5], [7,2]/2₀, 2₀/[7,2], [7,2]/3₀, 3₀/[7,2], [7,2]/5₀, 5₀/[7,2], 1/[7,2], [7,5]/[7,3], [7,3]/[7,5], [7,3]/2₀, 2₀/[7,3], [7,3]/2₁, 2₁/[7,3], [7,3]/3₀, 3₀/[7,3], [7,3]/5₀, 5₀/[7,3], 1/[7,3], [7,5]/2₀, 2₀/[7,5], [7,5]/2₁, 2₁/[7,5], [7,5]/3₀, 3₀/[7,5], [7,5]/3₁, 3₁/[7,5], [7,5]/5₀, 5₀/[7,5], 1/[7,5], 3₀/2₀, 2₀/3₀, 5₀/2₀, 2₀/5₀, 7₀/2₀, 2₀/7₀, 3₁/2₁, 2₁/3₁, 5₁/2₁, 2₁/5₁, 7₁/2₁, 2₁/7₁, 5₀/3₀, 3₀/5₀, 7₀/3₀, 3₀/7₀, 5₁/3₁, 3₁/5₁, 7₁/3₁, 3₁/7₁, 7₀/5₀, 5₀/7₀, 7₁/5₁, 5₁/7₁), Pn(17)}
re-met relations: R*([7,7]/8, 8/[7,7], 8/4, 4/8, 8/[2,3], [2,3]/8, 8/[3,2], [3,2]/8, [3,3]/8, 8/[3,3], [3,5]/8, 8/[3,5], [3,7]/8, 8/[3,7], [5,3]/8, 8/[5,3], [5,5]/8, 8/[5,5], [5,7]/8, 8/[5,7], [7,3]/8, 8/[7,3], [7,5]/8, 8/[7,5], 8/2₀, 2₀/8, 8/2₁, 2₁/8, 8/3₀, 3₀/8, 8/3₁, 3₁/8, 1/8, [7,7]/[2,2,3], [2,2,3]/[7,7], [2,2,3]/4, 4/[2,2,3], [2,2,3]/[2,3], [2,3]/[2,2,3], [2,2,3]/[3,2], [3,2]/[2,2,3], [2,2,3]/[5,2], [5,2]/[2,2,3], [5,3]/[2,2,3], [2,2,3]/[5,3], [5,5]/[2,2,3], [2,2,3]/[5,5], [5,7]/[2,2,3], [2,2,3]/[5,7], [7,3]/[2,2,3], [2,2,3]/[7,3], [7,5]/[2,2,3], [2,2,3]/[7,5], [2,2,3]/2₀, 2₀/[2,2,3], [2,2,3]/2₁, 2₁/[2,2,3], [2,2,3]/3₀, 3₀/[2,2,3], [2,2,3]/3₁, 3₁/[2,2,3], [2,2,3]/5₀, 5₀/[2,2,3], 1/[2,2,3], [7,7]/[8,2], [8,2]/[7,7], [8,2]/4, 4/[8,2], [8,2]/[2,3], [2,3]/[8,2], [8,2]/[3,2], [3,2]/[8,2], [8,2]/[5,2], [5,2]/[8,2], [8,2]/[7,2], [7,2]/[8,2], [7,3]/[8,2], [8,2]/[7,3], [7,5]/[8,2], [8,2]/[7,5], [8,2]/2₀, 2₀/[8,2], [8,2]/2₁, 2₁/[8,2], [8,2]/3₀, 3₀/[8,2], [8,2]/3₁, 3₁/[8,2], [8,2]/5₀, 5₀/[8,2], [8,2]/7₀, 7₀/[8,2], 1/[8,2], [7,7]/11, 11/[7,7], 11/4, 4/11, 11/[2,3], [2,3]/11, [7,3]/11, 11/[7,3], [7,5]/11, 11/[7,5], 11/2₀, 2₀/11, 11/2₁, 2₁/11, 11/3₀, 3₀/11, 11/3₁, 3₁/11, 11/5₀, 5₀/11, 11/7₀, 7₀/11, 1/11, [7,7]/13, 13/[7,7], 13/4, 4/13, 13/[2,3], [2,3]/13, 13/[2,5], [2,5]/13, 13/[3,2], [3,2]/13, 13/[3,3], [3,3]/13, [3,5]/13, 13/[3,5], [3,7]/13, 13/[3,7], [5,5]/13, 13/[5,5], [5,7]/13, 13/[5,7], [7,5]/13, 13/[7,5], 13/2₀, 2₀/13, 13/2₁, 2₁/13, 13/3₀, 3₀/13, 13/3₁, 3₁/13, 13/5₁, 5₁/13, 1/13, [7,7]/19, 19/[7,7], 19/4, 4/19, 19/[2,3], [2,3]/19, 19/[2,5], [2,5]/19, 19/[3,2], [3,2]/19, 19/[3,3], [3,3]/19, 19/[5,2], [5,2]/19, 19/[5,3], [5,3]/19, [5,5]/19, 19/[5,5], [5,7]/19, 19/[5,7], [7,5]/19, 19/[7,5], 19/2₀, 2₀/19, 19/2₁, 2₁/19, 19/3₀, 3₀/19, 19/3₁, 3₁/19, 19/5₀, 5₀/19, 19/5₁, 5₁/19, 1/19, [7,7]/[5,4], [5,4]/[7,7], [5,4]/4, 4/[5,4], [5,4]/[2,3], [2,3]/[5,4], [5,4]/[2,5], [2,5]/[5,4], [5,4]/[3,2], [3,2]/[5,4], [5,4]/[5,2], [5,2]/[5,4], [5,4]/[7,2], [7,2]/[5,4], [7,5]/[5,4], [5,4]/[7,5], [5,4]/2₀, 2₀/[5,4], [5,4]/2₁, 2₁/[5,4], [5,4]/3₀, 3₀/[5,4], [5,4]/3₁, 3₁/[5,4], [5,4]/5₀, 5₀/[5,4], [5,4]/5₁, 5₁/[5,4], [5,4]/7₀, 7₀/[5,4], 1/[5,4], [7,7]/17, 17/[7,7], 17/4, 4/17, 17/[2,3], [2,3]/17, 17/[2,5], [2,5]/17, 17/[2,7], [2,7]/17, 17/[3,2], [3,2]/17, 17/[3,3], [3,3]/17, [3,7]/17, 17/[3,7], [5,7]/17, 17/[5,7], 17/2₀, 2₀/17, 17/2₁, 2₁/17, 17/3₀, 3₀/17, 17/3₁, 3₁/17, 17/5₁, 5₁/17, 17/7₁, 7₁/17, 1/17, [7,7]/[[2,3],4], [[2,3],4]/[7,7], [[2,3],4]/4, 4/[[2,3],4], [[2,3],4]/[2,3], [2,3]/[[2,3],4], [[2,3],4]/[2,5], [2,5]/[[2,3],4], [[2,3],4]/[2,7], [2,7]/[[2,3],4], [[2,3],4]/[3,2], [3,2]/[[2,3],4], [[2,3],4]/[5,2], [5,2]/[[2,3],4], [[2,3],4]/[7,2], [7,2]/[[2,3],4], [[2,3],4]/2₀, 2₀/[[2,3],4], [[2,3],4]/2₁, 2₁/[[2,3],4], [[2,3],4]/3₀, 3₀/[[2,3],4], [[2,3],4]/3₁, 3₁/[[2,3],4], [[2,3],4]/5₀, 5₀/[[2,3],4], [[2,3],4]/5₁, 5₁/[[2,3],4], [[2,3],4]/7₀, 7₀/[[2,3],4], [[2,3],4]/7₁, 7₁/[[2,3],4], 1/[[2,3],4])
read one lower:  7{Q*([7,7]/O20, O20/[7,7], O20/4, 4/O20, O20/[2,3], [2,3]/O20, O20/[2,5], [2,5]/O20, O20/[2,7], [2,7]/O20, O20/[3,2], [3,2]/O20, O20/[3,3], [3,3]/O20, O20/[5,2], [5,2]/O20, O20/[5,3], [5,3]/O20, [5,7]/O20, O20/[5,7], O20/2, 2/O20, O20/3, 3/O20, O20/5, 5/O20, O20/7, 7/O20, 1/O20, [7,7]/O21, O21/[7,7], O21/4, 4/O21, O21/[2,3], [2,3]/O21, O21/[2,5], [2,5]/O21, O21/[2,7], [2,7]/O21, O21/[3,2], [3,2]/O21, O21/[3,3], [3,3]/O21, O21/[3,5], [3,5]/O21, O21/[5,2], [5,2]/O21, O21/[5,3], [5,3]/O21, O21/[5,5], [5,5]/O21, [5,7]/O21, O21/[5,7], O21/2, 2/O21, O21/3, 3/O21, O21/5, 5/O21, O21/7, 7/O21, 1/O21, [7,7]/O22, O22/[7,7], O22/4, 4/O22, O22/[2,3], [2,3]/O22, O22/[2,5], [2,5]/O22, O22/[2,7], [2,7]/O22, O22/[3,2], [3,2]/O22, O22/[3,3], [3,3]/O22, O22/[3,5], [3,5]/O22, O22/[5,2], [5,2]/O22, O22/[5,3], [5,3]/O22, O22/[5,5], [5,5]/O22, O22/[7,2], [7,2]/O22, O22/[7,3], [7,3]/O22, O22/[7,5], [7,5]/O22, O22/2, 2/O22, O22/3, 3/O22, O22/5, 5/O22, O22/7, 7/O22, 1/O22, [7,7]/O23, O23/[7,7], O23/4, 4/O23, O23/[2,3], [2,3]/O23, O23/[2,5], [2,5]/O23, O23/[3,2], [3,2]/O23, O23/[3,3], [3,3]/O23, O23/[3,5], [3,5]/O23, O23/[5,2], [5,2]/O23, O23/[5,3], [5,3]/O23, O23/[7,2], [7,2]/O23, O23/[7,3], [7,3]/O23, [7,5]/O23, O23/[7,5], O23/2, 2/O23, O23/3, 3/O23, O23/5, 5/O23, O23/7, 7/O23, 1/O23, [7,7]/O24, O24/[7,7], O24/4, 4/O24, O24/[2,3], [2,3]/O24, O24/[2,5], [2,5]/O24, O24/[2,7], [2,7]/O24, O24/[3,2], [3,2]/O24, O24/[3,3], [3,3]/O24, O24/[3,5], [3,5]/O24, O24/[3,7], [3,7]/O24, O24/[5,2], [5,2]/O24, O24/[5,3], [5,3]/O24, O24/[5,5], [5,5]/O24, [5,7]/O24, O24/[5,7], O24/2, 2/O24, O24/3, 3/O24, O24/5, 5/O24, O24/7, 7/O24, 1/O24, [7,7]/O25, O25/[7,7], O25/4, 4/O25, O25/[2,3], [2,3]/O25, O25/[2,5], [2,5]/O25, O25/[2,7], [2,7]/O25, O25/[3,2], [3,2]/O25, O25/[3,3], [3,3]/O25, O25/[3,5], [3,5]/O25, O25/[3,7], [3,7]/O25, O25/[5,2], [5,2]/O25, O25/[5,3], [5,3]/O25, O25/[7,2], [7,2]/O25, O25/[7,3], [7,3]/O25, O25/2, 2/O25, O25/3, 3/O25, O25/5, 5/O25, O25/7, 7/O25, 1/O25, [7,7]/O26, O26/[7,7], O26/4, 4/O26, O26/[2,3], [2,3]/O26, O26/[2,5], [2,5]/O26, O26/[2,7], [2,7]/O26, O26/[3,2], [3,2]/O26, O26/[3,3], [3,3]/O26, O26/[3,5], [3,5]/O26, O26/[3,7], [3,7]/O26, O26/[5,2], [5,2]/O26, O26/[5,3], [5,3]/O26, O26/[5,5], [5,5]/O26, O26/[7,2], [7,2]/O26, O26/[7,3], [7,3]/O26, O26/[7,5], [7,5]/O26, O26/2, 2/O26, O26/3, 3/O26, O26/5, 5/O26, O26/7, 7/O26, 1/O26, [7,7]/O27, O27/[7,7], O27/4, 4/O27, O27/[2,3], [2,3]/O27, O27/[2,5], [2,5]/O27, O27/[2,7], [2,7]/O27, O27/[3,2], [3,2]/O27, O27/[3,3], [3,3]/O27, O27/[3,5], [3,5]/O27, O27/[3,7], [3,7]/O27, O27/[5,2], [5,2]/O27, O27/[5,3], [5,3]/O27, O27/[5,5], [5,5]/O27, O27/[5,7], [5,7]/O27, O27/[7,2], [7,2]/O27, O27/[7,3], [7,3]/O27, O27/[7,5], [7,5]/O27, O27/2, 2/O27, O27/3, 3/O27, O27/5, 5/O27, O27/7, 7/O27, 1/O27, [7,7]/O28, O28/[7,7], O28/4, 4/O28, O28/[2,3], [2,3]/O28, O28/[2,5], [2,5]/O28, O28/[2,7], [2,7]/O28, O28/[3,2], [3,2]/O28, O28/[3,3], [3,3]/O28, O28/[3,5], [3,5]/O28, O28/[3,7], [3,7]/O28, O28/[5,2], [5,2]/O28, O28/[5,3], [5,3]/O28, O28/[5,5], [5,5]/O28, O28/[5,7], [5,7]/O28, O28/2, 2/O28, O28/3, 3/O28, O28/5, 5/O28, O28/7, 7/O28, 1/O28), Pq([7,7]/4, 4/[7,7], [7,7]/[2,3], [2,3]/[7,7], [7,7]/[2,5], [2,5]/[7,7], [7,7]/[2,7], [2,7]/[7,7], [7,7]/[3,2], [3,2]/[7,7], [7,7]/[3,3], [3,3]/[7,7], [7,7]/[3,5], [3,5]/[7,7], [7,7]/[3,7], [3,7]/[7,7], [7,7]/[5,2], [5,2]/[7,7], [7,7]/[5,3], [5,3]/[7,7], [7,7]/[5,5], [5,5]/[7,7], [7,7]/[5,7], [5,7]/[7,7], [7,7]/[7,2], [7,2]/[7,7], [7,7]/[7,3], [7,3]/[7,7], [7,7]/[7,5], [7,5]/[7,7], [7,7]/2, 2/[7,7], [7,7]/3, 3/[7,7], [7,7]/5, 5/[7,7], [[7,7]/7, [2,7]/2, [3,7]/3, [5,7]/5], [7/[7,7], 2/[2,7], 3/[3,7], 5/[5,7], 1/7], [[7,7]/7, [7,2]/2, [7,3]/3, [7,5]/5], [7/[7,7], 2/[7,2], 3/[7,3], 5/[7,5], 1/7], 1/[7,7], [2,3]/4, 4/[2,3], [2,5]/4, 4/[2,5], [2,7]/4, 4/[2,7], [3,2]/4, 4/[3,2], [3,3]/4, 4/[3,3], [3,5]/4, 4/[3,5], [3,7]/4, 4/[3,7], [5,2]/4, 4/[5,2], [5,3]/4, 4/[5,3], [5,5]/4, 4/[5,5], [5,7]/4, 4/[5,7], [7,2]/4, 4/[7,2], [7,3]/4, 4/[7,3], [7,5]/4, 4/[7,5], [4/2, [3,2]/3, [5,2]/5, [7,2]/7], [2/4, 3/[3,2], 5/[5,2], 7/[7,2], 1/2], [4/2, [2,3]/3, [2,5]/5, [2,7]/7], [2/4, 3/[2,3], 5/[2,5], 7/[2,7], 1/2], 1/4, [2,5]/[2,3], [2,3]/[2,5], [2,7]/[2,3], [2,3]/[2,7], [3,3]/[2,3], [2,3]/[3,3], [3,5]/[2,3], [2,3]/[3,5], [3,7]/[2,3], [2,3]/[3,7], [5,3]/[2,3], [2,3]/[5,3], [5,5]/[2,3], [2,3]/[5,5], [5,7]/[2,3], [2,3]/[5,7], [7,3]/[2,3], [2,3]/[7,3], [7,5]/[2,3], [2,3]/[7,5], [[2,3]/2, [3,3]/3, [5,3]/5, [7,3]/7], [2/[2,3], 3/[3,3], 5/[5,3], 7/[7,3], 1/3], [2,3]/2, 2/[2,3], 1/[2,3], [2,7]/[2,5], [2,5]/[2,7], [3,5]/[2,5], [2,5]/[3,5], [3,7]/[2,5], [2,5]/[3,7], [5,5]/[2,5], [2,5]/[5,5], [5,7]/[2,5], [2,5]/[5,7], [7,5]/[2,5], [2,5]/[7,5], [[2,5]/2, [3,5]/3, [5,5]/5, [7,5]/7], [2/[2,5], 3/[3,5], 5/[5,5], 7/[7,5], 1/5], [2,5]/2, 2/[2,5], [2,5]/3, 3/[2,5], 1/[2,5], [3,7]/[2,7], [2,7]/[3,7], [5,7]/[2,7], [2,7]/[5,7], [2,7]/2, 2/[2,7], [2,7]/3, 3/[2,7], [2,7]/5, 5/[2,7], 1/[2,7], [3,3]/[3,2], [3,2]/[3,3], [3,5]/[3,2], [3,2]/[3,5], [3,7]/[3,2], [3,2]/[3,7], [5,2]/[3,2], [3,2]/[5,2], [5,3]/[3,2], [3,2]/[5,3], [5,5]/[3,2], [3,2]/[5,5], [5,7]/[3,2], [3,2]/[5,7], [7,2]/[3,2], [3,2]/[7,2], [7,3]/[3,2], [3,2]/[7,3], [7,5]/[3,2], [3,2]/[7,5], [3,2]/2, 2/[3,2], [[3,2]/2, [3,3]/3, [3,5]/5, [3,7]/7], [2/[3,2], 3/[3,3], 5/[3,5], 7/[3,7], 1/3], 1/[3,2], [3,5]/[3,3], [3,3]/[3,5], [3,7]/[3,3], [3,3]/[3,7], [5,3]/[3,3], [3,3]/[5,3], [5,5]/[3,3], [3,3]/[5,5], [5,7]/[3,3], [3,3]/[5,7], [7,3]/[3,3], [3,3]/[7,3], [7,5]/[3,3], [3,3]/[7,5], [3,3]/2, 2/[3,3], 1/[3,3], [3,7]/[3,5], [3,5]/[3,7], [5,5]/[3,5], [3,5]/[5,5], [5,7]/[3,5], [3,5]/[5,7], [7,5]/[3,5], [3,5]/[7,5], [3,5]/2, 2/[3,5], [3,5]/3, 3/[3,5], 1/[3,5], [5,7]/[3,7], [3,7]/[5,7], [3,7]/2, 2/[3,7], [3,7]/3, 3/[3,7], [3,7]/5, 5/[3,7], 1/[3,7], [5,3]/[5,2], [5,2]/[5,3], [5,5]/[5,2], [5,2]/[5,5], [5,7]/[5,2], [5,2]/[5,7], [7,2]/[5,2], [5,2]/[7,2], [7,3]/[5,2], [5,2]/[7,3], [7,5]/[5,2], [5,2]/[7,5], [5,2]/2, 2/[5,2], [[5,2]/2, [5,3]/3, [5,5]/5, [5,7]/7], [2/[5,2], 3/[5,3], 5/[5,5], 7/[5,7], 1/5], [5,2]/3, 3/[5,2], 1/[5,2], [5,5]/[5,3], [5,3]/[5,5], [5,7]/[5,3], [5,3]/[5,7], [7,3]/[5,3], [5,3]/[7,3], [7,5]/[5,3], [5,3]/[7,5], [5,3]/2, 2/[5,3], [5,3]/3, 3/[5,3], 1/[5,3], [5,7]/[5,5], [5,5]/[5,7], [7,5]/[5,5], [5,5]/[7,5], [5,5]/2, 2/[5,5], [5,5]/3, 3/[5,5], 1/[5,5], [5,7]/2, 2/[5,7], [5,7]/3, 3/[5,7], [5,7]/5, 5/[5,7], 1/[5,7], [7,3]/[7,2], [7,2]/[7,3], [7,5]/[7,2], [7,2]/[7,5], [7,2]/2, 2/[7,2], [7,2]/3, 3/[7,2], [7,2]/5, 5/[7,2], 1/[7,2], [7,5]/[7,3], [7,3]/[7,5], [7,3]/2, 2/[7,3], [7,3]/3, 3/[7,3], [7,3]/5, 5/[7,3], 1/[7,3], [7,5]/2, 2/[7,5], [7,5]/3, 3/[7,5], [7,5]/5, 5/[7,5], 1/[7,5], 3/2, 2/3, 5/2, 2/5, 7/2, 2/7, 5/3, 3/5, 7/3, 3/7, 7/5, 5/7), Pn(17)}
limit of the container: O27/[7,7] = MM[O27] (1D) over MM[7,7] (2D)
rail after: 2 3 5 7 13 19 11 17 O20 O21 O22 O23 O24 O25 O26 O27 O28
seal sha256 db8989328916478caac46b5844aa4f9538cfe41f4a848c76c4d2be1427ab2835
