format=v2.mm.cycle.v4 dimension=3 cycle=2  (order matters; every direction +)
container MM[3,3,3]
held:
  [3,3,3]   whole  MM[3,3,3] (3D)       seats (0,0,0) (0,0,1) (0,0,2) (0,1,0) (0,1,1) (0,1,2) (0,2,0) (0,2,1) (0,2,2) (1,0,0) (1,0,1) (1,0,2) (1,1,0) (1,1,1) (1,1,2) (1,2,0) (1,2,1) (1,2,2) (2,0,0) (2,0,1) (2,0,2) (2,1,0) (2,1,1) (2,1,2) (2,2,0) (2,2,1) (2,2,2)
  8         cube   MM[2,2,2] (3D)       seats (0,0,0) (0,0,1) (0,1,0) (0,1,1) (1,0,0) (1,0,1) (1,1,0) (1,1,1)
  [2,2,3]   cube   MM[2,2,3] (3D)       seats (0,0,0) (0,0,1) (0,0,2) (0,1,0) (0,1,1) (0,1,2) (1,0,0) (1,0,1) (1,0,2) (1,1,0) (1,1,1) (1,1,2)
  [2,3,2]   cube   MM[2,3,2] (3D)       seats (0,0,0) (0,0,1) (0,1,0) (0,1,1) (0,2,0) (0,2,1) (1,0,0) (1,0,1) (1,1,0) (1,1,1) (1,2,0) (1,2,1)
  [2,3,3]   cube   MM[2,3,3] (3D)       seats (0,0,0) (0,0,1) (0,0,2) (0,1,0) (0,1,1) (0,1,2) (0,2,0) (0,2,1) (0,2,2) (1,0,0) (1,0,1) (1,0,2) (1,1,0) (1,1,1) (1,1,2) (1,2,0) (1,2,1) (1,2,2)
  [3,2,2]   cube   MM[3,2,2] (3D)       seats (0,0,0) (0,0,1) (0,1,0) (0,1,1) (1,0,0) (1,0,1) (1,1,0) (1,1,1) (2,0,0) (2,0,1) (2,1,0) (2,1,1)
  [3,2,3]   cube   MM[3,2,3] (3D)       seats (0,0,0) (0,0,1) (0,0,2) (0,1,0) (0,1,1) (0,1,2) (1,0,0) (1,0,1) (1,0,2) (1,1,0) (1,1,1) (1,1,2) (2,0,0) (2,0,1) (2,0,2) (2,1,0) (2,1,1) (2,1,2)
  [3,3,2]   cube   MM[3,3,2] (3D)       seats (0,0,0) (0,0,1) (0,1,0) (0,1,1) (0,2,0) (0,2,1) (1,0,0) (1,0,1) (1,1,0) (1,1,1) (1,2,0) (1,2,1) (2,0,0) (2,0,1) (2,1,0) (2,1,1) (2,2,0) (2,2,1)
  4₀₁       table  MM[2,2] (2D)         seats (0,0,0) (0,1,0) (1,0,0) (1,1,0)
  4₀₂       table  MM[2,2] (2D)         seats (0,0,0) (0,0,1) (1,0,0) (1,0,1)
  4₁₂       table  MM[2,2] (2D)         seats (0,0,0) (0,0,1) (0,1,0) (0,1,1)
  [2,3]₀₁   table  MM[2,3] (2D)         seats (0,0,0) (0,1,0) (0,2,0) (1,0,0) (1,1,0) (1,2,0)
  [2,3]₀₂   table  MM[2,3] (2D)         seats (0,0,0) (0,0,1) (0,0,2) (1,0,0) (1,0,1) (1,0,2)
  [2,3]₁₂   table  MM[2,3] (2D)         seats (0,0,0) (0,0,1) (0,0,2) (0,1,0) (0,1,1) (0,1,2)
  [3,2]₀₁   table  MM[3,2] (2D)         seats (0,0,0) (0,1,0) (1,0,0) (1,1,0) (2,0,0) (2,1,0)
  [3,2]₀₂   table  MM[3,2] (2D)         seats (0,0,0) (0,0,1) (1,0,0) (1,0,1) (2,0,0) (2,0,1)
  [3,2]₁₂   table  MM[3,2] (2D)         seats (0,0,0) (0,0,1) (0,1,0) (0,1,1) (0,2,0) (0,2,1)
  [3,3]₀₁   table  MM[3,3] (2D)         seats (0,0,0) (0,1,0) (0,2,0) (1,0,0) (1,1,0) (1,2,0) (2,0,0) (2,1,0) (2,2,0)
  [3,3]₀₂   table  MM[3,3] (2D)         seats (0,0,0) (0,0,1) (0,0,2) (1,0,0) (1,0,1) (1,0,2) (2,0,0) (2,0,1) (2,0,2)
  [3,3]₁₂   table  MM[3,3] (2D)         seats (0,0,0) (0,0,1) (0,0,2) (0,1,0) (0,1,1) (0,1,2) (0,2,0) (0,2,1) (0,2,2)
  2₀        held   MM[2] (1D)           seats (0,0,0) (1,0,0)
  2₁        held   MM[2] (1D)           seats (0,0,0) (0,1,0)
  2₂        held   MM[2] (1D)           seats (0,0,0) (0,0,1)
  3₀        held   MM[3] (1D)           seats (0,0,0) (1,0,0) (2,0,0)
  3₁        held   MM[3] (1D)           seats (0,0,0) (0,1,0) (0,2,0)
  3₂        held   MM[3] (1D)           seats (0,0,0) (0,0,1) (0,0,2)
  1         floor  MM[] (floor)         seats (0,0,0)
arrivals (new rings):
  O13  MM[O13] (1D) seats (0,0,0) (0,0,1) (0,1,0) (0,1,1) (1,0,0) (1,0,1) (1,1,0) (1,1,1) (0,2,0) (1,2,0)   also met at 17 more region(s)
  O14  MM[O14] (1D) seats (0,0,0) (0,0,1) (0,0,2) (0,1,0) (0,1,1) (0,1,2) (1,0,0) (1,0,1) (1,0,2) (1,1,0) (1,1,1) (1,1,2) (0,2,0) (0,2,1) (1,2,0) (1,2,1) (2,0,0) (2,0,1) (2,1,0) (2,1,1) (2,2,0) (2,2,1)   also met at 2 more region(s)
  O15  MM[O15] (1D) seats (0,0,0) (0,0,1) (0,0,2) (0,1,0) (0,1,1) (0,1,2) (1,0,0) (1,0,1) (1,0,2) (1,1,0) (1,1,1) (1,1,2) (0,2,0) (1,2,0)   also met at 11 more region(s)
  O16  MM[O16] (1D) seats (0,0,0) (0,0,1) (0,0,2) (0,1,0) (0,1,1) (0,1,2) (1,0,0) (1,0,1) (1,0,2) (1,1,0) (1,1,1) (1,1,2) (2,0,0) (2,0,1) (2,0,2)   also met at 8 more region(s)
  O17  MM[O17] (1D) seats (0,0,0) (0,0,1) (0,0,2) (0,1,0) (0,1,1) (0,1,2) (0,2,0) (0,2,1) (0,2,2) (1,0,0) (1,0,1) (1,0,2) (1,1,0) (1,1,1) (1,1,2) (1,2,0) (1,2,1) (1,2,2) (2,0,0) (2,0,1) (2,0,2) (2,1,0) (2,1,1) (2,1,2)   also met at 2 more region(s)
  O18  MM[O18] (1D) seats (0,0,0) (0,0,1) (0,0,2) (0,1,0) (0,1,1) (0,1,2) (0,2,0) (0,2,1) (0,2,2) (1,0,0) (1,0,1) (1,0,2) (1,1,0) (1,1,1) (1,1,2) (1,2,0) (1,2,1) (1,2,2) (2,0,0) (2,1,0)   also met at 5 more region(s)
  O19  MM[O19] (1D) seats (0,0,0) (0,0,1) (0,1,0) (0,1,1) (1,0,0) (1,0,1) (1,1,0) (1,1,1) (0,0,2) (0,1,2) (1,0,2) (1,1,2) (0,2,0) (0,2,1) (1,2,0) (1,2,1) (0,2,2) (1,2,2) (2,0,0) (2,0,1) (2,1,0) (2,1,1) (2,0,2) (2,1,2) (2,2,0) (2,2,1)
re-met (rings already on the rail, met here):
  13   MM[13] (1D)  seats (0,0,0) (0,0,1) (0,1,0) (0,1,1) (1,0,0) (1,0,1) (1,1,0) (1,1,1) (0,2,0) (1,2,0) (2,0,0) (2,1,0) (2,2,0)   also met at 14 more region(s)
  [8,2] MM[[8,2]] (1D) seats (0,0,0) (0,0,1) (0,0,2) (0,1,0) (0,1,1) (0,1,2) (1,0,0) (1,0,1) (1,0,2) (1,1,0) (1,1,1) (1,1,2) (0,2,0) (0,2,1) (1,2,0) (1,2,1)   also met at 2 more region(s)
  17   MM[17] (1D)  seats (0,0,0) (0,0,1) (0,0,2) (0,1,0) (0,1,1) (0,1,2) (1,0,0) (1,0,1) (1,0,2) (1,1,0) (1,1,1) (1,1,2) (0,2,0) (1,2,0) (2,0,0) (2,1,0) (2,2,0)   also met at 2 more region(s)
  [7,3] MM[[7,3]] (1D) seats (0,0,0) (0,0,1) (0,0,2) (0,1,0) (0,1,1) (0,1,2) (0,2,0) (0,2,1) (0,2,2) (1,0,0) (1,0,1) (1,0,2) (1,1,0) (1,1,1) (1,1,2) (1,2,0) (1,2,1) (1,2,2) (2,0,0) (2,1,0) (2,2,0)   also met at 5 more region(s)
  19   MM[19] (1D)  seats (0,0,0) (0,0,1) (0,0,2) (0,1,0) (0,1,1) (0,1,2) (0,2,0) (0,2,1) (0,2,2) (1,0,0) (1,0,1) (1,0,2) (1,1,0) (1,1,1) (1,1,2) (1,2,0) (1,2,1) (1,2,2) (2,0,0)   also met at 2 more region(s)
  11   MM[11] (1D)  seats (0,0,0) (0,1,0) (1,0,0) (1,1,0) (0,0,1) (0,0,2) (1,0,1) (1,0,2) (2,0,0) (2,0,1) (2,0,2)   also met at 8 more region(s)
  5    MM[5] (1D)   seats (0,0,0) (0,1,0) (1,0,0) (1,1,0) (0,0,1)   also met at 11 more region(s)
  7    MM[7] (1D)   seats (0,0,0) (0,1,0) (0,2,0) (1,0,0) (1,1,0) (1,2,0) (0,0,1)   also met at 11 more region(s)
collapses (a rail ring this container's matrix is the resolution of):
  none

every address:   3{Q*([3,3,3]/O13, O13/[3,3,3], O13/8, 8/O13, [2,3,2]/O13, O13/[2,3,2], [2,3,3]/O13, O13/[2,3,3], [3,3,2]/O13, O13/[3,3,2], O13/4₀₁, 4₀₁/O13, O13/4₀₂, 4₀₂/O13, O13/4₁₂, 4₁₂/O13, O13/[2,3]₀₁, [2,3]₀₁/O13, O13/2₀, 2₀/O13, O13/2₁, 2₁/O13, O13/2₂, 2₂/O13, O13/3₁, 3₁/O13, 1/O13, [3,3,3]/O14, O14/[3,3,3], O14/8, 8/O14, O14/[2,2,3], [2,2,3]/O14, O14/[2,3,2], [2,3,2]/O14, O14/[3,2,2], [3,2,2]/O14, O14/[3,3,2], [3,3,2]/O14, O14/4₀₁, 4₀₁/O14, O14/4₀₂, 4₀₂/O14, O14/4₁₂, 4₁₂/O14, O14/[2,3]₀₁, [2,3]₀₁/O14, O14/[2,3]₀₂, [2,3]₀₂/O14, O14/[2,3]₁₂, [2,3]₁₂/O14, O14/[3,2]₀₁, [3,2]₀₁/O14, O14/[3,2]₀₂, [3,2]₀₂/O14, O14/[3,2]₁₂, [3,2]₁₂/O14, O14/[3,3]₀₁, [3,3]₀₁/O14, O14/2₀, 2₀/O14, O14/2₁, 2₁/O14, O14/2₂, 2₂/O14, O14/3₀, 3₀/O14, O14/3₁, 3₁/O14, O14/3₂, 3₂/O14, 1/O14, [3,3,3]/O15, O15/[3,3,3], O15/8, 8/O15, O15/[2,2,3], [2,2,3]/O15, [2,3,3]/O15, O15/[2,3,3], O15/4₀₁, 4₀₁/O15, O15/4₀₂, 4₀₂/O15, O15/4₁₂, 4₁₂/O15, O15/[2,3]₀₁, [2,3]₀₁/O15, O15/[2,3]₀₂, [2,3]₀₂/O15, O15/[2,3]₁₂, [2,3]₁₂/O15, O15/2₀, 2₀/O15, O15/2₁, 2₁/O15, O15/2₂, 2₂/O15, O15/3₁, 3₁/O15, O15/3₂, 3₂/O15, 1/O15, [3,3,3]/O16, O16/[3,3,3], O16/8, 8/O16, O16/[2,2,3], [2,2,3]/O16, [3,2,3]/O16, O16/[3,2,3], O16/4₀₁, 4₀₁/O16, O16/4₀₂, 4₀₂/O16, O16/4₁₂, 4₁₂/O16, O16/[2,3]₀₂, [2,3]₀₂/O16, O16/[2,3]₁₂, [2,3]₁₂/O16, O16/[3,2]₀₂, [3,2]₀₂/O16, O16/[3,3]₀₂, [3,3]₀₂/O16, O16/2₀, 2₀/O16, O16/2₁, 2₁/O16, O16/2₂, 2₂/O16, O16/3₀, 3₀/O16, O16/3₂, 3₂/O16, 1/O16, [3,3,3]/O17, O17/[3,3,3], O17/8, 8/O17, O17/[2,2,3], [2,2,3]/O17, O17/[2,3,2], [2,3,2]/O17, O17/[2,3,3], [2,3,3]/O17, O17/[3,2,2], [3,2,2]/O17, O17/[3,2,3], [3,2,3]/O17, O17/4₀₁, 4₀₁/O17, O17/4₀₂, 4₀₂/O17, O17/4₁₂, 4₁₂/O17, O17/[2,3]₀₁, [2,3]₀₁/O17, O17/[2,3]₀₂, [2,3]₀₂/O17, O17/[2,3]₁₂, [2,3]₁₂/O17, O17/[3,2]₀₁, [3,2]₀₁/O17, O17/[3,2]₀₂, [3,2]₀₂/O17, O17/[3,2]₁₂, [3,2]₁₂/O17, O17/[3,3]₀₂, [3,3]₀₂/O17, O17/[3,3]₁₂, [3,3]₁₂/O17, O17/2₀, 2₀/O17, O17/2₁, 2₁/O17, O17/2₂, 2₂/O17, O17/3₀, 3₀/O17, O17/3₁, 3₁/O17, O17/3₂, 3₂/O17, 1/O17, [3,3,3]/O18, O18/[3,3,3], O18/8, 8/O18, O18/[2,2,3], [2,2,3]/O18, O18/[2,3,2], [2,3,2]/O18, O18/[2,3,3], [2,3,3]/O18, O18/4₀₁, 4₀₁/O18, O18/4₀₂, 4₀₂/O18, O18/4₁₂, 4₁₂/O18, O18/[2,3]₀₁, [2,3]₀₁/O18, O18/[2,3]₀₂, [2,3]₀₂/O18, O18/[2,3]₁₂, [2,3]₁₂/O18, O18/[3,2]₀₁, [3,2]₀₁/O18, O18/[3,2]₁₂, [3,2]₁₂/O18, O18/[3,3]₁₂, [3,3]₁₂/O18, O18/2₀, 2₀/O18, O18/2₁, 2₁/O18, O18/2₂, 2₂/O18, O18/3₀, 3₀/O18, O18/3₁, 3₁/O18, O18/3₂, 3₂/O18, 1/O18, [3,3,3]/O19, O19/[3,3,3], O19/8, 8/O19, O19/[2,2,3], [2,2,3]/O19, O19/[2,3,2], [2,3,2]/O19, O19/[2,3,3], [2,3,3]/O19, O19/[3,2,2], [3,2,2]/O19, O19/[3,2,3], [3,2,3]/O19, O19/[3,3,2], [3,3,2]/O19, O19/4₀₁, 4₀₁/O19, O19/4₀₂, 4₀₂/O19, O19/4₁₂, 4₁₂/O19, O19/[2,3]₀₁, [2,3]₀₁/O19, O19/[2,3]₀₂, [2,3]₀₂/O19, O19/[2,3]₁₂, [2,3]₁₂/O19, O19/[3,2]₀₁, [3,2]₀₁/O19, O19/[3,2]₀₂, [3,2]₀₂/O19, O19/[3,2]₁₂, [3,2]₁₂/O19, O19/[3,3]₀₁, [3,3]₀₁/O19, O19/[3,3]₀₂, [3,3]₀₂/O19, O19/[3,3]₁₂, [3,3]₁₂/O19, O19/2₀, 2₀/O19, O19/2₁, 2₁/O19, O19/2₂, 2₂/O19, O19/3₀, 3₀/O19, O19/3₁, 3₁/O19, O19/3₂, 3₂/O19, 1/O19), Pq([3,3,3]/8, 8/[3,3,3], [3,3,3]/[2,2,3], [2,2,3]/[3,3,3], [3,3,3]/[2,3,2], [2,3,2]/[3,3,3], [3,3,3]/[2,3,3], [2,3,3]/[3,3,3], [3,3,3]/[3,2,2], [3,2,2]/[3,3,3], [3,3,3]/[3,2,3], [3,2,3]/[3,3,3], [3,3,3]/[3,3,2], [3,3,2]/[3,3,3], [3,3,3]/4₀₁, 4₀₁/[3,3,3], [3,3,3]/4₀₂, 4₀₂/[3,3,3], [3,3,3]/4₁₂, 4₁₂/[3,3,3], [3,3,3]/[2,3]₀₁, [2,3]₀₁/[3,3,3], [3,3,3]/[2,3]₀₂, [2,3]₀₂/[3,3,3], [3,3,3]/[2,3]₁₂, [2,3]₁₂/[3,3,3], [3,3,3]/[3,2]₀₁, [3,2]₀₁/[3,3,3], [3,3,3]/[3,2]₀₂, [3,2]₀₂/[3,3,3], [3,3,3]/[3,2]₁₂, [3,2]₁₂/[3,3,3], [[3,3,3]/[3,3]₀₁, [2,2,3]/4₀₁, [2,3,3]/[2,3]₀₁, [3,2,3]/[3,2]₀₁, [2,3]₀₂/2₀, [2,3]₁₂/2₁, [3,3]₀₂/3₀, [3,3]₁₂/3₁], [[3,3]₀₁/[3,3,3], 4₀₁/[2,2,3], [2,3]₀₁/[2,3,3], [3,2]₀₁/[3,2,3], 2₀/[2,3]₀₂, 2₁/[2,3]₁₂, 3₀/[3,3]₀₂, 3₁/[3,3]₁₂, 1/3₂], [[3,3,3]/[3,3]₀₂, [2,3,2]/4₀₂, [2,3,3]/[2,3]₀₂, [3,3,2]/[3,2]₀₂, [2,3]₀₁/2₀, [3,2]₁₂/2₂, [3,3]₀₁/3₀, [3,3]₁₂/3₂], [[3,3]₀₂/[3,3,3], 4₀₂/[2,3,2], [2,3]₀₂/[2,3,3], [3,2]₀₂/[3,3,2], 2₀/[2,3]₀₁, 2₂/[3,2]₁₂, 3₀/[3,3]₀₁, 3₂/[3,3]₁₂, 1/3₁], [[3,3,3]/[3,3]₁₂, [3,2,2]/4₁₂, [3,2,3]/[2,3]₁₂, [3,3,2]/[3,2]₁₂, [3,2]₀₁/2₁, [3,2]₀₂/2₂, [3,3]₀₁/3₁, [3,3]₀₂/3₂], [[3,3]₁₂/[3,3,3], 4₁₂/[3,2,2], [2,3]₁₂/[3,2,3], [3,2]₁₂/[3,3,2], 2₁/[3,2]₀₁, 2₂/[3,2]₀₂, 3₁/[3,3]₀₁, 3₂/[3,3]₀₂, 1/3₀], [3,3,3]/2₀, 2₀/[3,3,3], [3,3,3]/2₁, 2₁/[3,3,3], [3,3,3]/2₂, 2₂/[3,3,3], [[3,3,3]/3₀, [2,3,3]/2₀], [3₀/[3,3,3], 2₀/[2,3,3], 1/[3,3]₁₂], [[3,3,3]/3₁, [3,2,3]/2₁], [3₁/[3,3,3], 2₁/[3,2,3], 1/[3,3]₀₂], [[3,3,3]/3₂, [3,3,2]/2₂], [3₂/[3,3,3], 2₂/[3,3,2], 1/[3,3]₀₁], 1/[3,3,3], [2,2,3]/8, 8/[2,2,3], [2,3,2]/8, 8/[2,3,2], [2,3,3]/8, 8/[2,3,3], [3,2,2]/8, 8/[3,2,2], [3,2,3]/8, 8/[3,2,3], [3,3,2]/8, 8/[3,3,2], [8/4₀₁, [2,3,2]/[2,3]₀₁, [3,2,2]/[3,2]₀₁, [3,3,2]/[3,3]₀₁, 4₀₂/2₀, 4₁₂/2₁, [3,2]₀₂/3₀, [3,2]₁₂/3₁], [4₀₁/8, [2,3]₀₁/[2,3,2], [3,2]₀₁/[3,2,2], [3,3]₀₁/[3,3,2], 2₀/4₀₂, 2₁/4₁₂, 3₀/[3,2]₀₂, 3₁/[3,2]₁₂, 1/2₂], [8/4₀₂, [2,2,3]/[2,3]₀₂, [3,2,2]/[3,2]₀₂, [3,2,3]/[3,3]₀₂, 4₀₁/2₀, 4₁₂/2₂, [2,3]₁₂/3₂, [3,2]₀₁/3₀], [4₀₂/8, [2,3]₀₂/[2,2,3], [3,2]₀₂/[3,2,2], [3,3]₀₂/[3,2,3], 2₀/4₀₁, 2₂/4₁₂, 3₂/[2,3]₁₂, 3₀/[3,2]₀₁, 1/2₁], [8/4₁₂, [2,2,3]/[2,3]₁₂, [2,3,2]/[3,2]₁₂, [2,3,3]/[3,3]₁₂, 4₀₁/2₁, 4₀₂/2₂, [2,3]₀₁/3₁, [2,3]₀₂/3₂], [4₁₂/8, [2,3]₁₂/[2,2,3], [3,2]₁₂/[2,3,2], [3,3]₁₂/[2,3,3], 2₁/4₀₁, 2₂/4₀₂, 3₁/[2,3]₀₁, 3₂/[2,3]₀₂, 1/2₀], [8/2₀, [3,2,2]/3₀], [2₀/8, 3₀/[3,2,2], 1/4₁₂], [8/2₁, [2,3,2]/3₁], [2₁/8, 3₁/[2,3,2], 1/4₀₂], [8/2₂, [2,2,3]/3₂], [2₂/8, 3₂/[2,2,3], 1/4₀₁], 1/8, [2,3,3]/[2,2,3], [2,2,3]/[2,3,3], [3,2,3]/[2,2,3], [2,2,3]/[3,2,3], [2,2,3]/4₀₂, 4₀₂/[2,2,3], [2,2,3]/4₁₂, 4₁₂/[2,2,3], [[2,2,3]/2₀, [3,2,3]/3₀], [2₀/[2,2,3], 3₀/[3,2,3], 1/[2,3]₁₂], [[2,2,3]/2₁, [2,3,3]/3₁], [2₁/[2,2,3], 3₁/[2,3,3], 1/[2,3]₀₂], [2,2,3]/2₂, 2₂/[2,2,3], 1/[2,2,3], [2,3,3]/[2,3,2], [2,3,2]/[2,3,3], [3,3,2]/[2,3,2], [2,3,2]/[3,3,2], [2,3,2]/4₀₁, 4₀₁/[2,3,2], [2,3,2]/4₁₂, 4₁₂/[2,3,2], [[2,3,2]/2₀, [3,3,2]/3₀], [2₀/[2,3,2], 3₀/[3,3,2], 1/[3,2]₁₂], [2,3,2]/2₁, 2₁/[2,3,2], [[2,3,2]/2₂, [2,3,3]/3₂], [2₂/[2,3,2], 3₂/[2,3,3], 1/[2,3]₀₁], 1/[2,3,2], [2,3,3]/4₀₁, 4₀₁/[2,3,3], [2,3,3]/4₀₂, 4₀₂/[2,3,3], [2,3,3]/4₁₂, 4₁₂/[2,3,3], [2,3,3]/[2,3]₁₂, [2,3]₁₂/[2,3,3], [2,3,3]/[3,2]₁₂, [3,2]₁₂/[2,3,3], [2,3,3]/2₁, 2₁/[2,3,3], [2,3,3]/2₂, 2₂/[2,3,3], 1/[2,3,3], [3,2,3]/[3,2,2], [3,2,2]/[3,2,3], [3,3,2]/[3,2,2], [3,2,2]/[3,3,2], [3,2,2]/4₀₁, 4₀₁/[3,2,2], [3,2,2]/4₀₂, 4₀₂/[3,2,2], [3,2,2]/2₀, 2₀/[3,2,2], [[3,2,2]/2₁, [3,3,2]/3₁], [2₁/[3,2,2], 3₁/[3,3,2], 1/[3,2]₀₂], [[3,2,2]/2₂, [3,2,3]/3₂], [2₂/[3,2,2], 3₂/[3,2,3], 1/[3,2]₀₁], 1/[3,2,2], [3,2,3]/4₀₁, 4₀₁/[3,2,3], [3,2,3]/4₀₂, 4₀₂/[3,2,3], [3,2,3]/4₁₂, 4₁₂/[3,2,3], [3,2,3]/[2,3]₀₂, [2,3]₀₂/[3,2,3], [3,2,3]/[3,2]₀₂, [3,2]₀₂/[3,2,3], [3,2,3]/2₀, 2₀/[3,2,3], [3,2,3]/2₂, 2₂/[3,2,3], 1/[3,2,3], [3,3,2]/4₀₁, 4₀₁/[3,3,2], [3,3,2]/4₀₂, 4₀₂/[3,3,2], [3,3,2]/4₁₂, 4₁₂/[3,3,2], [3,3,2]/[2,3]₀₁, [2,3]₀₁/[3,3,2], [3,3,2]/[3,2]₀₁, [3,2]₀₁/[3,3,2], [3,3,2]/2₀, 2₀/[3,3,2], [3,3,2]/2₁, 2₁/[3,3,2], 1/[3,3,2], [2,3]₀₁/4₀₁, 4₀₁/[2,3]₀₁, [3,2]₀₁/4₀₁, 4₀₁/[3,2]₀₁, [3,3]₀₁/4₀₁, 4₀₁/[3,3]₀₁, [2,3]₀₂/4₀₂, 4₀₂/[2,3]₀₂, [3,2]₀₂/4₀₂, 4₀₂/[3,2]₀₂, [3,3]₀₂/4₀₂, 4₀₂/[3,3]₀₂, [2,3]₁₂/4₁₂, 4₁₂/[2,3]₁₂, [3,2]₁₂/4₁₂, 4₁₂/[3,2]₁₂, [3,3]₁₂/4₁₂, 4₁₂/[3,3]₁₂, [3,3]₀₁/[2,3]₀₁, [2,3]₀₁/[3,3]₀₁, [2,3]₀₁/2₁, 2₁/[2,3]₀₁, [3,3]₀₂/[2,3]₀₂, [2,3]₀₂/[3,3]₀₂, [2,3]₀₂/2₂, 2₂/[2,3]₀₂, [3,3]₁₂/[2,3]₁₂, [2,3]₁₂/[3,3]₁₂, [2,3]₁₂/2₂, 2₂/[2,3]₁₂, [3,3]₀₁/[3,2]₀₁, [3,2]₀₁/[3,3]₀₁, [3,2]₀₁/2₀, 2₀/[3,2]₀₁, [3,3]₀₂/[3,2]₀₂, [3,2]₀₂/[3,3]₀₂, [3,2]₀₂/2₀, 2₀/[3,2]₀₂, [3,3]₁₂/[3,2]₁₂, [3,2]₁₂/[3,3]₁₂, [3,2]₁₂/2₁, 2₁/[3,2]₁₂, [3,3]₀₁/2₀, 2₀/[3,3]₀₁, [3,3]₀₁/2₁, 2₁/[3,3]₀₁, [3,3]₀₂/2₀, 2₀/[3,3]₀₂, [3,3]₀₂/2₂, 2₂/[3,3]₀₂, [3,3]₁₂/2₁, 2₁/[3,3]₁₂, [3,3]₁₂/2₂, 2₂/[3,3]₁₂, 3₀/2₀, 2₀/3₀, 3₁/2₁, 2₁/3₁, 3₂/2₂, 2₂/3₂), Pn(15)}
re-met relations: R*([3,3,3]/13, 13/[3,3,3], 13/8, 8/13, [3,3,2]/13, 13/[3,3,2], 13/4₀₁, 4₀₁/13, 13/4₀₂, 4₀₂/13, 13/4₁₂, 4₁₂/13, 13/[2,3]₀₁, [2,3]₀₁/13, 13/[3,2]₀₁, [3,2]₀₁/13, 13/[3,3]₀₁, [3,3]₀₁/13, 13/2₀, 2₀/13, 13/2₁, 2₁/13, 13/2₂, 2₂/13, 13/3₀, 3₀/13, 13/3₁, 3₁/13, 1/13, [3,3,3]/[8,2], [8,2]/[3,3,3], [8,2]/8, 8/[8,2], [8,2]/[2,2,3], [2,2,3]/[8,2], [8,2]/[2,3,2], [2,3,2]/[8,2], [2,3,3]/[8,2], [8,2]/[2,3,3], [8,2]/4₀₁, 4₀₁/[8,2], [8,2]/4₀₂, 4₀₂/[8,2], [8,2]/4₁₂, 4₁₂/[8,2], [8,2]/[2,3]₀₁, [2,3]₀₁/[8,2], [8,2]/[2,3]₀₂, [2,3]₀₂/[8,2], [8,2]/[2,3]₁₂, [2,3]₁₂/[8,2], [8,2]/[3,2]₁₂, [3,2]₁₂/[8,2], [8,2]/2₀, 2₀/[8,2], [8,2]/2₁, 2₁/[8,2], [8,2]/2₂, 2₂/[8,2], [8,2]/3₁, 3₁/[8,2], [8,2]/3₂, 3₂/[8,2], 1/[8,2], [3,3,3]/17, 17/[3,3,3], 17/8, 8/17, 17/[2,2,3], [2,2,3]/17, 17/4₀₁, 4₀₁/17, 17/4₀₂, 4₀₂/17, 17/4₁₂, 4₁₂/17, 17/[2,3]₀₁, [2,3]₀₁/17, 17/[2,3]₀₂, [2,3]₀₂/17, 17/[2,3]₁₂, [2,3]₁₂/17, 17/[3,2]₀₁, [3,2]₀₁/17, 17/[3,3]₀₁, [3,3]₀₁/17, 17/2₀, 2₀/17, 17/2₁, 2₁/17, 17/2₂, 2₂/17, 17/3₀, 3₀/17, 17/3₁, 3₁/17, 17/3₂, 3₂/17, 1/17, [3,3,3]/[7,3], [7,3]/[3,3,3], [7,3]/8, 8/[7,3], [7,3]/[2,2,3], [2,2,3]/[7,3], [7,3]/[2,3,2], [2,3,2]/[7,3], [7,3]/[2,3,3], [2,3,3]/[7,3], [7,3]/4₀₁, 4₀₁/[7,3], [7,3]/4₀₂, 4₀₂/[7,3], [7,3]/4₁₂, 4₁₂/[7,3], [7,3]/[2,3]₀₁, [2,3]₀₁/[7,3], [7,3]/[2,3]₀₂, [2,3]₀₂/[7,3], [7,3]/[2,3]₁₂, [2,3]₁₂/[7,3], [7,3]/[3,2]₀₁, [3,2]₀₁/[7,3], [7,3]/[3,2]₁₂, [3,2]₁₂/[7,3], [7,3]/[3,3]₀₁, [3,3]₀₁/[7,3], [7,3]/[3,3]₁₂, [3,3]₁₂/[7,3], [7,3]/2₀, 2₀/[7,3], [7,3]/2₁, 2₁/[7,3], [7,3]/2₂, 2₂/[7,3], [7,3]/3₀, 3₀/[7,3], [7,3]/3₁, 3₁/[7,3], [7,3]/3₂, 3₂/[7,3], 1/[7,3], [3,3,3]/19, 19/[3,3,3], 19/8, 8/19, 19/[2,2,3], [2,2,3]/19, 19/[2,3,2], [2,3,2]/19, 19/[2,3,3], [2,3,3]/19, 19/4₀₁, 4₀₁/19, 19/4₀₂, 4₀₂/19, 19/4₁₂, 4₁₂/19, 19/[2,3]₀₁, [2,3]₀₁/19, 19/[2,3]₀₂, [2,3]₀₂/19, 19/[2,3]₁₂, [2,3]₁₂/19, 19/[3,2]₁₂, [3,2]₁₂/19, 19/[3,3]₁₂, [3,3]₁₂/19, 19/2₀, 2₀/19, 19/2₁, 2₁/19, 19/2₂, 2₂/19, 19/3₀, 3₀/19, 19/3₁, 3₁/19, 19/3₂, 3₂/19, 1/19, [3,3,3]/11, 11/[3,3,3], [3,2,3]/11, 11/[3,2,3], 11/4₀₁, 4₀₁/11, 11/4₀₂, 4₀₂/11, 11/[2,3]₀₂, [2,3]₀₂/11, 11/[3,2]₀₂, [3,2]₀₂/11, 11/[3,3]₀₂, [3,3]₀₂/11, 11/2₀, 2₀/11, 11/2₁, 2₁/11, 11/2₂, 2₂/11, 11/3₀, 3₀/11, 11/3₂, 3₂/11, 1/11, [3,3,3]/5, 5/[3,3,3], 8/5, 5/8, [2,2,3]/5, 5/[2,2,3], [2,3,2]/5, 5/[2,3,2], [2,3,3]/5, 5/[2,3,3], [3,2,2]/5, 5/[3,2,2], [3,2,3]/5, 5/[3,2,3], [3,3,2]/5, 5/[3,3,2], 5/4₀₁, 4₀₁/5, 5/2₀, 2₀/5, 5/2₁, 2₁/5, 5/2₂, 2₂/5, 1/5, [3,3,3]/7, 7/[3,3,3], [2,3,2]/7, 7/[2,3,2], [2,3,3]/7, 7/[2,3,3], [3,3,2]/7, 7/[3,3,2], 7/4₀₁, 4₀₁/7, 7/[2,3]₀₁, [2,3]₀₁/7, 7/2₀, 2₀/7, 7/2₁, 2₁/7, 7/2₂, 2₂/7, 7/3₁, 3₁/7, 1/7)
read one lower:  3{Q*([3,3,3]/O13, O13/[3,3,3], O13/8, 8/O13, [2,3,2]/O13, O13/[2,3,2], [2,3,3]/O13, O13/[2,3,3], [3,3,2]/O13, O13/[3,3,2], O13/4, 4/O13, O13/[2,3], [2,3]/O13, O13/2, 2/O13, O13/3, 3/O13, 1/O13, [3,3,3]/O14, O14/[3,3,3], O14/8, 8/O14, O14/[2,2,3], [2,2,3]/O14, O14/[2,3,2], [2,3,2]/O14, O14/[3,2,2], [3,2,2]/O14, O14/[3,3,2], [3,3,2]/O14, O14/4, 4/O14, O14/[2,3], [2,3]/O14, O14/[3,2], [3,2]/O14, O14/[3,3], [3,3]/O14, O14/2, 2/O14, O14/3, 3/O14, 1/O14, [3,3,3]/O15, O15/[3,3,3], O15/8, 8/O15, O15/[2,2,3], [2,2,3]/O15, [2,3,3]/O15, O15/[2,3,3], O15/4, 4/O15, O15/[2,3], [2,3]/O15, O15/2, 2/O15, O15/3, 3/O15, 1/O15, [3,3,3]/O16, O16/[3,3,3], O16/8, 8/O16, O16/[2,2,3], [2,2,3]/O16, [3,2,3]/O16, O16/[3,2,3], O16/4, 4/O16, O16/[2,3], [2,3]/O16, O16/[3,2], [3,2]/O16, O16/[3,3], [3,3]/O16, O16/2, 2/O16, O16/3, 3/O16, 1/O16, [3,3,3]/O17, O17/[3,3,3], O17/8, 8/O17, O17/[2,2,3], [2,2,3]/O17, O17/[2,3,2], [2,3,2]/O17, O17/[2,3,3], [2,3,3]/O17, O17/[3,2,2], [3,2,2]/O17, O17/[3,2,3], [3,2,3]/O17, O17/4, 4/O17, O17/[2,3], [2,3]/O17, O17/[3,2], [3,2]/O17, O17/[3,3], [3,3]/O17, O17/2, 2/O17, O17/3, 3/O17, 1/O17, [3,3,3]/O18, O18/[3,3,3], O18/8, 8/O18, O18/[2,2,3], [2,2,3]/O18, O18/[2,3,2], [2,3,2]/O18, O18/[2,3,3], [2,3,3]/O18, O18/4, 4/O18, O18/[2,3], [2,3]/O18, O18/[3,2], [3,2]/O18, O18/[3,3], [3,3]/O18, O18/2, 2/O18, O18/3, 3/O18, 1/O18, [3,3,3]/O19, O19/[3,3,3], O19/8, 8/O19, O19/[2,2,3], [2,2,3]/O19, O19/[2,3,2], [2,3,2]/O19, O19/[2,3,3], [2,3,3]/O19, O19/[3,2,2], [3,2,2]/O19, O19/[3,2,3], [3,2,3]/O19, O19/[3,3,2], [3,3,2]/O19, O19/4, 4/O19, O19/[2,3], [2,3]/O19, O19/[3,2], [3,2]/O19, O19/[3,3], [3,3]/O19, O19/2, 2/O19, O19/3, 3/O19, 1/O19), Pq([3,3,3]/8, 8/[3,3,3], [3,3,3]/[2,2,3], [2,2,3]/[3,3,3], [3,3,3]/[2,3,2], [2,3,2]/[3,3,3], [3,3,3]/[2,3,3], [2,3,3]/[3,3,3], [3,3,3]/[3,2,2], [3,2,2]/[3,3,3], [3,3,3]/[3,2,3], [3,2,3]/[3,3,3], [3,3,3]/[3,3,2], [3,3,2]/[3,3,3], [3,3,3]/4, 4/[3,3,3], [3,3,3]/[2,3], [2,3]/[3,3,3], [3,3,3]/[3,2], [3,2]/[3,3,3], [[3,3,3]/[3,3], [2,2,3]/4, [2,3,3]/[2,3], [3,2,3]/[3,2], [2,3]/2, [3,3]/3], [[3,3]/[3,3,3], 4/[2,2,3], [2,3]/[2,3,3], [3,2]/[3,2,3], 2/[2,3], 3/[3,3], 1/3], [[3,3,3]/[3,3], [2,3,2]/4, [2,3,3]/[2,3], [3,3,2]/[3,2], [2,3]/2, [3,2]/2, [3,3]/3], [[3,3]/[3,3,3], 4/[2,3,2], [2,3]/[2,3,3], [3,2]/[3,3,2], 2/[2,3], 2/[3,2], 3/[3,3], 1/3], [[3,3,3]/[3,3], [3,2,2]/4, [3,2,3]/[2,3], [3,3,2]/[3,2], [3,2]/2, [3,3]/3], [[3,3]/[3,3,3], 4/[3,2,2], [2,3]/[3,2,3], [3,2]/[3,3,2], 2/[3,2], 3/[3,3], 1/3], [3,3,3]/2, 2/[3,3,3], [[3,3,3]/3, [2,3,3]/2], [3/[3,3,3], 2/[2,3,3], 1/[3,3]], [[3,3,3]/3, [3,2,3]/2], [3/[3,3,3], 2/[3,2,3], 1/[3,3]], [[3,3,3]/3, [3,3,2]/2], [3/[3,3,3], 2/[3,3,2], 1/[3,3]], 1/[3,3,3], [2,2,3]/8, 8/[2,2,3], [2,3,2]/8, 8/[2,3,2], [2,3,3]/8, 8/[2,3,3], [3,2,2]/8, 8/[3,2,2], [3,2,3]/8, 8/[3,2,3], [3,3,2]/8, 8/[3,3,2], [8/4, [2,3,2]/[2,3], [3,2,2]/[3,2], [3,3,2]/[3,3], 4/2, [3,2]/3], [4/8, [2,3]/[2,3,2], [3,2]/[3,2,2], [3,3]/[3,3,2], 2/4, 3/[3,2], 1/2], [8/4, [2,2,3]/[2,3], [3,2,2]/[3,2], [3,2,3]/[3,3], 4/2, [2,3]/3, [3,2]/3], [4/8, [2,3]/[2,2,3], [3,2]/[3,2,2], [3,3]/[3,2,3], 2/4, 3/[2,3], 3/[3,2], 1/2], [8/4, [2,2,3]/[2,3], [2,3,2]/[3,2], [2,3,3]/[3,3], 4/2, [2,3]/3], [4/8, [2,3]/[2,2,3], [3,2]/[2,3,2], [3,3]/[2,3,3], 2/4, 3/[2,3], 1/2], [8/2, [3,2,2]/3], [2/8, 3/[3,2,2], 1/4], [8/2, [2,3,2]/3], [2/8, 3/[2,3,2], 1/4], [8/2, [2,2,3]/3], [2/8, 3/[2,2,3], 1/4], 1/8, [2,3,3]/[2,2,3], [2,2,3]/[2,3,3], [3,2,3]/[2,2,3], [2,2,3]/[3,2,3], [2,2,3]/4, 4/[2,2,3], [[2,2,3]/2, [3,2,3]/3], [2/[2,2,3], 3/[3,2,3], 1/[2,3]], [[2,2,3]/2, [2,3,3]/3], [2/[2,2,3], 3/[2,3,3], 1/[2,3]], [2,2,3]/2, 2/[2,2,3], 1/[2,2,3], [2,3,3]/[2,3,2], [2,3,2]/[2,3,3], [3,3,2]/[2,3,2], [2,3,2]/[3,3,2], [2,3,2]/4, 4/[2,3,2], [[2,3,2]/2, [3,3,2]/3], [2/[2,3,2], 3/[3,3,2], 1/[3,2]], [2,3,2]/2, 2/[2,3,2], [[2,3,2]/2, [2,3,3]/3], [2/[2,3,2], 3/[2,3,3], 1/[2,3]], 1/[2,3,2], [2,3,3]/4, 4/[2,3,3], [2,3,3]/[2,3], [2,3]/[2,3,3], [2,3,3]/[3,2], [3,2]/[2,3,3], [2,3,3]/2, 2/[2,3,3], 1/[2,3,3], [3,2,3]/[3,2,2], [3,2,2]/[3,2,3], [3,3,2]/[3,2,2], [3,2,2]/[3,3,2], [3,2,2]/4, 4/[3,2,2], [3,2,2]/2, 2/[3,2,2], [[3,2,2]/2, [3,3,2]/3], [2/[3,2,2], 3/[3,3,2], 1/[3,2]], [[3,2,2]/2, [3,2,3]/3], [2/[3,2,2], 3/[3,2,3], 1/[3,2]], 1/[3,2,2], [3,2,3]/4, 4/[3,2,3], [3,2,3]/[2,3], [2,3]/[3,2,3], [3,2,3]/[3,2], [3,2]/[3,2,3], [3,2,3]/2, 2/[3,2,3], 1/[3,2,3], [3,3,2]/4, 4/[3,3,2], [3,3,2]/[2,3], [2,3]/[3,3,2], [3,3,2]/[3,2], [3,2]/[3,3,2], [3,3,2]/2, 2/[3,3,2], 1/[3,3,2], [2,3]/4, 4/[2,3], [3,2]/4, 4/[3,2], [3,3]/4, 4/[3,3], [3,3]/[2,3], [2,3]/[3,3], [2,3]/2, 2/[2,3], [3,3]/[3,2], [3,2]/[3,3], [3,2]/2, 2/[3,2], [3,3]/2, 2/[3,3], 3/2, 2/3), Pn(15)}
limit of the container: O19/[3,3,3] = MM[O19] (1D) over MM[3,3,3] (3D)
rail after: 2 3 5 7 13 19 11 17 O13 O14 O15 O16 O17 O18 O19
seal sha256 2effa15d5e318b780f86185a4c86307d759a3c5656d3b0d54e519495626b5efd
