format=v2.mm.cycle.v4 dimension=2 cycle=7  (order matters; every direction +)
container MM[11,11]
held:
  [11,11]   whole  MM[11,11] (2D)       seats (0,0) (0,1) (0,2) (0,3) (0,4) (0,5) (0,6) (0,7) (0,8) (0,9) (0,10) (1,0) (1,1) (1,2) (1,3) (1,4) (1,5) (1,6) (1,7) (1,8) (1,9) (1,10) (2,0) (2,1) (2,2) (2,3) (2,4) (2,5) (2,6) (2,7) (2,8) (2,9) (2,10) (3,0) (3,1) (3,2) (3,3) (3,4) (3,5) (3,6) (3,7) (3,8) (3,9) (3,10) (4,0) (4,1) (4,2) (4,3) (4,4) (4,5) (4,6) (4,7) (4,8) (4,9) (4,10) (5,0) (5,1) (5,2) (5,3) (5,4) (5,5) (5,6) (5,7) (5,8) (5,9) (5,10) (6,0) (6,1) (6,2) (6,3) (6,4) (6,5) (6,6) (6,7) (6,8) (6,9) (6,10) (7,0) (7,1) (7,2) (7,3) (7,4) (7,5) (7,6) (7,7) (7,8) (7,9) (7,10) (8,0) (8,1) (8,2) (8,3) (8,4) (8,5) (8,6) (8,7) (8,8) (8,9) (8,10) (9,0) (9,1) (9,2) (9,3) (9,4) (9,5) (9,6) (9,7) (9,8) (9,9) (9,10) (10,0) (10,1) (10,2) (10,3) (10,4) (10,5) (10,6) (10,7) (10,8) (10,9) (10,10)
  4         table  MM[2,2] (2D)         seats (0,0) (0,1) (1,0) (1,1)
  [2,3]     table  MM[2,3] (2D)         seats (0,0) (0,1) (0,2) (1,0) (1,1) (1,2)
  [2,5]     table  MM[2,5] (2D)         seats (0,0) (0,1) (0,2) (0,3) (0,4) (1,0) (1,1) (1,2) (1,3) (1,4)
  [2,7]     table  MM[2,7] (2D)         seats (0,0) (0,1) (0,2) (0,3) (0,4) (0,5) (0,6) (1,0) (1,1) (1,2) (1,3) (1,4) (1,5) (1,6)
  [2,11]    table  MM[2,11] (2D)        seats (0,0) (0,1) (0,2) (0,3) (0,4) (0,5) (0,6) (0,7) (0,8) (0,9) (0,10) (1,0) (1,1) (1,2) (1,3) (1,4) (1,5) (1,6) (1,7) (1,8) (1,9) (1,10)
  [3,2]     table  MM[3,2] (2D)         seats (0,0) (0,1) (1,0) (1,1) (2,0) (2,1)
  [3,3]     table  MM[3,3] (2D)         seats (0,0) (0,1) (0,2) (1,0) (1,1) (1,2) (2,0) (2,1) (2,2)
  [3,5]     table  MM[3,5] (2D)         seats (0,0) (0,1) (0,2) (0,3) (0,4) (1,0) (1,1) (1,2) (1,3) (1,4) (2,0) (2,1) (2,2) (2,3) (2,4)
  [3,7]     table  MM[3,7] (2D)         seats (0,0) (0,1) (0,2) (0,3) (0,4) (0,5) (0,6) (1,0) (1,1) (1,2) (1,3) (1,4) (1,5) (1,6) (2,0) (2,1) (2,2) (2,3) (2,4) (2,5) (2,6)
  [3,11]    table  MM[3,11] (2D)        seats (0,0) (0,1) (0,2) (0,3) (0,4) (0,5) (0,6) (0,7) (0,8) (0,9) (0,10) (1,0) (1,1) (1,2) (1,3) (1,4) (1,5) (1,6) (1,7) (1,8) (1,9) (1,10) (2,0) (2,1) (2,2) (2,3) (2,4) (2,5) (2,6) (2,7) (2,8) (2,9) (2,10)
  [5,2]     table  MM[5,2] (2D)         seats (0,0) (0,1) (1,0) (1,1) (2,0) (2,1) (3,0) (3,1) (4,0) (4,1)
  [5,3]     table  MM[5,3] (2D)         seats (0,0) (0,1) (0,2) (1,0) (1,1) (1,2) (2,0) (2,1) (2,2) (3,0) (3,1) (3,2) (4,0) (4,1) (4,2)
  [5,5]     table  MM[5,5] (2D)         seats (0,0) (0,1) (0,2) (0,3) (0,4) (1,0) (1,1) (1,2) (1,3) (1,4) (2,0) (2,1) (2,2) (2,3) (2,4) (3,0) (3,1) (3,2) (3,3) (3,4) (4,0) (4,1) (4,2) (4,3) (4,4)
  [5,7]     table  MM[5,7] (2D)         seats (0,0) (0,1) (0,2) (0,3) (0,4) (0,5) (0,6) (1,0) (1,1) (1,2) (1,3) (1,4) (1,5) (1,6) (2,0) (2,1) (2,2) (2,3) (2,4) (2,5) (2,6) (3,0) (3,1) (3,2) (3,3) (3,4) (3,5) (3,6) (4,0) (4,1) (4,2) (4,3) (4,4) (4,5) (4,6)
  [5,11]    table  MM[5,11] (2D)        seats (0,0) (0,1) (0,2) (0,3) (0,4) (0,5) (0,6) (0,7) (0,8) (0,9) (0,10) (1,0) (1,1) (1,2) (1,3) (1,4) (1,5) (1,6) (1,7) (1,8) (1,9) (1,10) (2,0) (2,1) (2,2) (2,3) (2,4) (2,5) (2,6) (2,7) (2,8) (2,9) (2,10) (3,0) (3,1) (3,2) (3,3) (3,4) (3,5) (3,6) (3,7) (3,8) (3,9) (3,10) (4,0) (4,1) (4,2) (4,3) (4,4) (4,5) (4,6) (4,7) (4,8) (4,9) (4,10)
  [7,2]     table  MM[7,2] (2D)         seats (0,0) (0,1) (1,0) (1,1) (2,0) (2,1) (3,0) (3,1) (4,0) (4,1) (5,0) (5,1) (6,0) (6,1)
  [7,3]     table  MM[7,3] (2D)         seats (0,0) (0,1) (0,2) (1,0) (1,1) (1,2) (2,0) (2,1) (2,2) (3,0) (3,1) (3,2) (4,0) (4,1) (4,2) (5,0) (5,1) (5,2) (6,0) (6,1) (6,2)
  [7,5]     table  MM[7,5] (2D)         seats (0,0) (0,1) (0,2) (0,3) (0,4) (1,0) (1,1) (1,2) (1,3) (1,4) (2,0) (2,1) (2,2) (2,3) (2,4) (3,0) (3,1) (3,2) (3,3) (3,4) (4,0) (4,1) (4,2) (4,3) (4,4) (5,0) (5,1) (5,2) (5,3) (5,4) (6,0) (6,1) (6,2) (6,3) (6,4)
  [7,7]     table  MM[7,7] (2D)         seats (0,0) (0,1) (0,2) (0,3) (0,4) (0,5) (0,6) (1,0) (1,1) (1,2) (1,3) (1,4) (1,5) (1,6) (2,0) (2,1) (2,2) (2,3) (2,4) (2,5) (2,6) (3,0) (3,1) (3,2) (3,3) (3,4) (3,5) (3,6) (4,0) (4,1) (4,2) (4,3) (4,4) (4,5) (4,6) (5,0) (5,1) (5,2) (5,3) (5,4) (5,5) (5,6) (6,0) (6,1) (6,2) (6,3) (6,4) (6,5) (6,6)
  [7,11]    table  MM[7,11] (2D)        seats (0,0) (0,1) (0,2) (0,3) (0,4) (0,5) (0,6) (0,7) (0,8) (0,9) (0,10) (1,0) (1,1) (1,2) (1,3) (1,4) (1,5) (1,6) (1,7) (1,8) (1,9) (1,10) (2,0) (2,1) (2,2) (2,3) (2,4) (2,5) (2,6) (2,7) (2,8) (2,9) (2,10) (3,0) (3,1) (3,2) (3,3) (3,4) (3,5) (3,6) (3,7) (3,8) (3,9) (3,10) (4,0) (4,1) (4,2) (4,3) (4,4) (4,5) (4,6) (4,7) (4,8) (4,9) (4,10) (5,0) (5,1) (5,2) (5,3) (5,4) (5,5) (5,6) (5,7) (5,8) (5,9) (5,10) (6,0) (6,1) (6,2) (6,3) (6,4) (6,5) (6,6) (6,7) (6,8) (6,9) (6,10)
  [11,2]    table  MM[11,2] (2D)        seats (0,0) (0,1) (1,0) (1,1) (2,0) (2,1) (3,0) (3,1) (4,0) (4,1) (5,0) (5,1) (6,0) (6,1) (7,0) (7,1) (8,0) (8,1) (9,0) (9,1) (10,0) (10,1)
  [11,3]    table  MM[11,3] (2D)        seats (0,0) (0,1) (0,2) (1,0) (1,1) (1,2) (2,0) (2,1) (2,2) (3,0) (3,1) (3,2) (4,0) (4,1) (4,2) (5,0) (5,1) (5,2) (6,0) (6,1) (6,2) (7,0) (7,1) (7,2) (8,0) (8,1) (8,2) (9,0) (9,1) (9,2) (10,0) (10,1) (10,2)
  [11,5]    table  MM[11,5] (2D)        seats (0,0) (0,1) (0,2) (0,3) (0,4) (1,0) (1,1) (1,2) (1,3) (1,4) (2,0) (2,1) (2,2) (2,3) (2,4) (3,0) (3,1) (3,2) (3,3) (3,4) (4,0) (4,1) (4,2) (4,3) (4,4) (5,0) (5,1) (5,2) (5,3) (5,4) (6,0) (6,1) (6,2) (6,3) (6,4) (7,0) (7,1) (7,2) (7,3) (7,4) (8,0) (8,1) (8,2) (8,3) (8,4) (9,0) (9,1) (9,2) (9,3) (9,4) (10,0) (10,1) (10,2) (10,3) (10,4)
  [11,7]    table  MM[11,7] (2D)        seats (0,0) (0,1) (0,2) (0,3) (0,4) (0,5) (0,6) (1,0) (1,1) (1,2) (1,3) (1,4) (1,5) (1,6) (2,0) (2,1) (2,2) (2,3) (2,4) (2,5) (2,6) (3,0) (3,1) (3,2) (3,3) (3,4) (3,5) (3,6) (4,0) (4,1) (4,2) (4,3) (4,4) (4,5) (4,6) (5,0) (5,1) (5,2) (5,3) (5,4) (5,5) (5,6) (6,0) (6,1) (6,2) (6,3) (6,4) (6,5) (6,6) (7,0) (7,1) (7,2) (7,3) (7,4) (7,5) (7,6) (8,0) (8,1) (8,2) (8,3) (8,4) (8,5) (8,6) (9,0) (9,1) (9,2) (9,3) (9,4) (9,5) (9,6) (10,0) (10,1) (10,2) (10,3) (10,4) (10,5) (10,6)
  2₀        held   MM[2] (1D)           seats (0,0) (1,0)
  2₁        held   MM[2] (1D)           seats (0,0) (0,1)
  3₀        held   MM[3] (1D)           seats (0,0) (1,0) (2,0)
  3₁        held   MM[3] (1D)           seats (0,0) (0,1) (0,2)
  5₀        held   MM[5] (1D)           seats (0,0) (1,0) (2,0) (3,0) (4,0)
  5₁        held   MM[5] (1D)           seats (0,0) (0,1) (0,2) (0,3) (0,4)
  7₀        held   MM[7] (1D)           seats (0,0) (1,0) (2,0) (3,0) (4,0) (5,0) (6,0)
  7₁        held   MM[7] (1D)           seats (0,0) (0,1) (0,2) (0,3) (0,4) (0,5) (0,6)
  11₀       held   MM[11] (1D)          seats (0,0) (1,0) (2,0) (3,0) (4,0) (5,0) (6,0) (7,0) (8,0) (9,0) (10,0)
  11₁       held   MM[11] (1D)          seats (0,0) (0,1) (0,2) (0,3) (0,4) (0,5) (0,6) (0,7) (0,8) (0,9) (0,10)
  1         floor  MM[] (floor)         seats (0,0)
arrivals (new rings):
  O159 MM[O159] (1D) seats (0,0) (0,1) (0,2) (0,3) (0,4) (0,5) (0,6) (1,0) (1,1) (1,2) (1,3) (1,4) (1,5) (1,6) (2,0) (2,1) (2,2) (2,3) (2,4) (2,5) (2,6) (3,0) (3,1) (3,2) (3,3) (3,4) (3,5) (3,6) (4,0) (4,1) (4,2) (4,3) (4,4) (4,5) (4,6) (5,0) (5,1) (5,2) (5,3) (5,4) (6,0) (6,1) (6,2) (6,3) (6,4) (7,0) (7,1) (7,2) (7,3) (7,4) (8,0) (8,1) (8,2) (8,3) (8,4) (9,0) (9,1) (9,2) (9,3) (9,4) (10,0) (10,1) (10,2) (10,3) (10,4)   also met at 1 more region(s)
re-met (rings already on the rail, met here):
  13   MM[13] (1D)  seats (0,0) (0,1) (1,0) (1,1) (2,0) (3,0) (4,0) (5,0) (6,0) (7,0) (8,0) (9,0) (10,0)   also met at 10 more region(s)
  8    MM[8] (1D)   seats (0,0) (0,1) (0,2) (1,0) (1,1) (1,2) (2,0) (2,1)   also met at 4 more region(s)
  [2,2,3] MM[[2,2,3]] (1D) seats (0,0) (0,1) (0,2) (1,0) (1,1) (1,2) (2,0) (2,1) (3,0) (3,1) (4,0) (4,1)   also met at 5 more region(s)
  [8,2] MM[[8,2]] (1D) seats (0,0) (0,1) (0,2) (1,0) (1,1) (1,2) (2,0) (2,1) (3,0) (3,1) (4,0) (4,1) (5,0) (5,1) (6,0) (6,1)   also met at 4 more region(s)
  [[2,3],4] MM[[[2,3],4]] (1D) seats (0,0) (0,1) (0,2) (1,0) (1,1) (1,2) (2,0) (2,1) (3,0) (3,1) (4,0) (4,1) (5,0) (5,1) (6,0) (6,1) (7,0) (7,1) (8,0) (8,1) (9,0) (9,1) (10,0) (10,1)   also met at 2 more region(s)
  19   MM[19] (1D)  seats (0,0) (0,1) (0,2) (0,3) (0,4) (1,0) (1,1) (1,2) (1,3) (1,4) (2,0) (2,1) (2,2) (3,0) (3,1) (3,2) (4,0) (4,1) (4,2)   also met at 9 more region(s)
  [5,4] MM[[5,4]] (1D) seats (0,0) (0,1) (0,2) (0,3) (0,4) (1,0) (1,1) (1,2) (1,3) (1,4) (2,0) (2,1) (3,0) (3,1) (4,0) (4,1) (5,0) (5,1) (6,0) (6,1)   also met at 1 more region(s)
  [7,4] MM[[7,4]] (1D) seats (0,0) (0,1) (0,2) (0,3) (0,4) (1,0) (1,1) (1,2) (1,3) (1,4) (2,0) (2,1) (3,0) (3,1) (4,0) (4,1) (5,0) (5,1) (6,0) (6,1) (7,0) (7,1) (8,0) (8,1) (9,0) (9,1) (10,0) (10,1)   also met at 1 more region(s)
  37   MM[37] (1D)  seats (0,0) (0,1) (0,2) (0,3) (0,4) (1,0) (1,1) (1,2) (1,3) (1,4) (2,0) (2,1) (2,2) (3,0) (3,1) (3,2) (4,0) (4,1) (4,2) (5,0) (5,1) (5,2) (6,0) (6,1) (6,2) (7,0) (7,1) (7,2) (8,0) (8,1) (8,2) (9,0) (9,1) (9,2) (10,0) (10,1) (10,2)   also met at 9 more region(s)
  17   MM[17] (1D)  seats (0,0) (0,1) (0,2) (0,3) (0,4) (0,5) (0,6) (1,0) (1,1) (1,2) (1,3) (1,4) (1,5) (1,6) (2,0) (2,1) (2,2)   also met at 11 more region(s)
  23   MM[23] (1D)  seats (0,0) (0,1) (0,2) (0,3) (0,4) (0,5) (0,6) (1,0) (1,1) (1,2) (1,3) (1,4) (1,5) (1,6) (2,0) (2,1) (2,2) (3,0) (3,1) (3,2) (4,0) (4,1) (4,2)   also met at 9 more region(s)
  29   MM[29] (1D)  seats (0,0) (0,1) (0,2) (0,3) (0,4) (0,5) (0,6) (1,0) (1,1) (1,2) (1,3) (1,4) (1,5) (1,6) (2,0) (2,1) (2,2) (2,3) (2,4) (3,0) (3,1) (3,2) (3,3) (3,4) (4,0) (4,1) (4,2) (4,3) (4,4)   also met at 7 more region(s)
  [3,13] MM[[3,13]] (1D) seats (0,0) (0,1) (0,2) (0,3) (0,4) (0,5) (0,6) (1,0) (1,1) (1,2) (1,3) (1,4) (1,5) (1,6) (2,0) (2,1) (2,2) (2,3) (2,4) (3,0) (3,1) (3,2) (3,3) (3,4) (4,0) (4,1) (4,2) (4,3) (4,4) (5,0) (5,1) (5,2) (5,3) (5,4) (6,0) (6,1) (6,2) (6,3) (6,4)   also met at 5 more region(s)
  [8,4] MM[[8,4]] (1D) seats (0,0) (0,1) (0,2) (0,3) (0,4) (0,5) (0,6) (1,0) (1,1) (1,2) (1,3) (1,4) (1,5) (1,6) (2,0) (2,1) (3,0) (3,1) (4,0) (4,1) (5,0) (5,1) (6,0) (6,1) (7,0) (7,1) (8,0) (8,1) (9,0) (9,1) (10,0) (10,1)   also met at 1 more region(s)
  41   MM[41] (1D)  seats (0,0) (0,1) (0,2) (0,3) (0,4) (0,5) (0,6) (1,0) (1,1) (1,2) (1,3) (1,4) (1,5) (1,6) (2,0) (2,1) (2,2) (3,0) (3,1) (3,2) (4,0) (4,1) (4,2) (5,0) (5,1) (5,2) (6,0) (6,1) (6,2) (7,0) (7,1) (7,2) (8,0) (8,1) (8,2) (9,0) (9,1) (9,2) (10,0) (10,1) (10,2)   also met at 7 more region(s)
  59   MM[59] (1D)  seats (0,0) (0,1) (0,2) (0,3) (0,4) (0,5) (0,6) (1,0) (1,1) (1,2) (1,3) (1,4) (1,5) (1,6) (2,0) (2,1) (2,2) (2,3) (2,4) (3,0) (3,1) (3,2) (3,3) (3,4) (4,0) (4,1) (4,2) (4,3) (4,4) (5,0) (5,1) (5,2) (5,3) (5,4) (6,0) (6,1) (6,2) (6,3) (6,4) (7,0) (7,1) (7,2) (7,3) (7,4) (8,0) (8,1) (8,2) (8,3) (8,4) (9,0) (9,1) (9,2) (9,3) (9,4) (10,0) (10,1) (10,2) (10,3) (10,4)   also met at 1 more region(s)
  [2,3,3] MM[[2,3,3]] (1D) seats (0,0) (0,1) (0,2) (0,3) (0,4) (0,5) (0,6) (1,0) (1,1) (1,2) (1,3) (1,4) (1,5) (1,6) (0,7) (0,8) (0,9) (0,10)   also met at 1 more region(s)
  [3,3,3] MM[[3,3,3]] (1D) seats (0,0) (0,1) (0,2) (0,3) (0,4) (0,5) (0,6) (0,7) (0,8) (0,9) (0,10) (1,0) (1,1) (1,2) (1,3) (1,4) (1,5) (1,6) (1,7) (1,8) (1,9) (1,10) (2,0) (2,1) (2,2) (2,3) (2,4)   also met at 7 more region(s)
  31   MM[31] (1D)  seats (0,0) (0,1) (0,2) (0,3) (0,4) (0,5) (0,6) (0,7) (0,8) (0,9) (0,10) (1,0) (1,1) (1,2) (1,3) (1,4) (1,5) (1,6) (1,7) (1,8) (1,9) (1,10) (2,0) (2,1) (2,2) (3,0) (3,1) (3,2) (4,0) (4,1) (4,2)   also met at 7 more region(s)
  43   MM[43] (1D)  seats (0,0) (0,1) (0,2) (0,3) (0,4) (0,5) (0,6) (0,7) (0,8) (0,9) (0,10) (1,0) (1,1) (1,2) (1,3) (1,4) (1,5) (1,6) (1,7) (1,8) (1,9) (1,10) (2,0) (2,1) (2,2) (2,3) (2,4) (2,5) (2,6) (3,0) (3,1) (3,2) (3,3) (3,4) (3,5) (3,6) (4,0) (4,1) (4,2) (4,3) (4,4) (4,5) (4,6)   also met at 3 more region(s)
  47   MM[47] (1D)  seats (0,0) (0,1) (0,2) (0,3) (0,4) (0,5) (0,6) (0,7) (0,8) (0,9) (0,10) (1,0) (1,1) (1,2) (1,3) (1,4) (1,5) (1,6) (1,7) (1,8) (1,9) (1,10) (2,0) (2,1) (2,2) (2,3) (2,4) (3,0) (3,1) (3,2) (3,3) (3,4) (4,0) (4,1) (4,2) (4,3) (4,4) (5,0) (5,1) (5,2) (5,3) (5,4) (6,0) (6,1) (6,2) (6,3) (6,4)   also met at 3 more region(s)
  [3,19] MM[[3,19]] (1D) seats (0,0) (0,1) (0,2) (0,3) (0,4) (0,5) (0,6) (0,7) (0,8) (0,9) (0,10) (1,0) (1,1) (1,2) (1,3) (1,4) (1,5) (1,6) (1,7) (1,8) (1,9) (1,10) (2,0) (2,1) (2,2) (2,3) (2,4) (2,5) (2,6) (3,0) (3,1) (3,2) (3,3) (3,4) (3,5) (3,6) (4,0) (4,1) (4,2) (4,3) (4,4) (4,5) (4,6) (5,0) (5,1) (5,2) (5,3) (5,4) (5,5) (5,6) (6,0) (6,1) (6,2) (6,3) (6,4) (6,5) (6,6)   also met at 4 more region(s)
  [8,5] MM[[8,5]] (1D) seats (0,0) (0,1) (0,2) (0,3) (0,4) (0,5) (0,6) (0,7) (0,8) (0,9) (0,10) (1,0) (1,1) (1,2) (1,3) (1,4) (1,5) (1,6) (1,7) (1,8) (1,9) (1,10) (2,0) (2,1) (3,0) (3,1) (4,0) (4,1) (5,0) (5,1) (6,0) (6,1) (7,0) (7,1) (8,0) (8,1) (9,0) (9,1) (10,0) (10,1)
  67   MM[67] (1D)  seats (0,0) (0,1) (0,2) (0,3) (0,4) (0,5) (0,6) (0,7) (0,8) (0,9) (0,10) (1,0) (1,1) (1,2) (1,3) (1,4) (1,5) (1,6) (1,7) (1,8) (1,9) (1,10) (2,0) (2,1) (2,2) (2,3) (2,4) (3,0) (3,1) (3,2) (3,3) (3,4) (4,0) (4,1) (4,2) (4,3) (4,4) (5,0) (5,1) (5,2) (5,3) (5,4) (6,0) (6,1) (6,2) (6,3) (6,4) (7,0) (7,1) (7,2) (7,3) (7,4) (8,0) (8,1) (8,2) (8,3) (8,4) (9,0) (9,1) (9,2) (9,3) (9,4) (10,0) (10,1) (10,2) (10,3) (10,4)   also met at 1 more region(s)
  [5,17] MM[[5,17]] (1D) seats (0,0) (0,1) (0,2) (0,3) (0,4) (0,5) (0,6) (0,7) (0,8) (0,9) (0,10) (1,0) (1,1) (1,2) (1,3) (1,4) (1,5) (1,6) (1,7) (1,8) (1,9) (1,10) (2,0) (2,1) (2,2) (2,3) (2,4) (2,5) (2,6) (3,0) (3,1) (3,2) (3,3) (3,4) (3,5) (3,6) (4,0) (4,1) (4,2) (4,3) (4,4) (4,5) (4,6) (5,0) (5,1) (5,2) (5,3) (5,4) (5,5) (5,6) (6,0) (6,1) (6,2) (6,3) (6,4) (6,5) (6,6) (7,0) (7,1) (7,2) (7,3) (7,4) (7,5) (7,6) (8,0) (8,1) (8,2) (8,3) (8,4) (8,5) (8,6) (9,0) (9,1) (9,2) (9,3) (9,4) (9,5) (9,6) (10,0) (10,1) (10,2) (10,3) (10,4) (10,5) (10,6)   also met at 2 more region(s)
  [[3,3],5] MM[[[3,3],5]] (1D) seats (0,0) (0,1) (0,2) (0,3) (0,4) (0,5) (0,6) (1,0) (1,1) (1,2) (1,3) (1,4) (1,5) (1,6) (2,0) (2,1) (2,2) (2,3) (2,4) (2,5) (2,6) (3,0) (3,1) (3,2) (4,0) (4,1) (4,2) (5,0) (5,1) (5,2) (6,0) (6,1) (6,2) (7,0) (7,1) (7,2) (8,0) (8,1) (8,2) (9,0) (9,1) (9,2) (10,0) (10,1) (10,2)   also met at 2 more region(s)
  61   MM[61] (1D)  seats (0,0) (0,1) (0,2) (0,3) (0,4) (0,5) (0,6) (1,0) (1,1) (1,2) (1,3) (1,4) (1,5) (1,6) (2,0) (2,1) (2,2) (2,3) (2,4) (2,5) (2,6) (3,0) (3,1) (3,2) (3,3) (3,4) (4,0) (4,1) (4,2) (4,3) (4,4) (5,0) (5,1) (5,2) (5,3) (5,4) (6,0) (6,1) (6,2) (6,3) (6,4) (7,0) (7,1) (7,2) (7,3) (7,4) (8,0) (8,1) (8,2) (8,3) (8,4) (9,0) (9,1) (9,2) (9,3) (9,4) (10,0) (10,1) (10,2) (10,3) (10,4)   also met at 5 more region(s)
  53   MM[53] (1D)  seats (0,0) (0,1) (0,2) (0,3) (0,4) (0,5) (0,6) (0,7) (0,8) (0,9) (0,10) (1,0) (1,1) (1,2) (1,3) (1,4) (1,5) (1,6) (1,7) (1,8) (1,9) (1,10) (2,0) (2,1) (2,2) (2,3) (2,4) (2,5) (2,6) (2,7) (2,8) (2,9) (2,10) (3,0) (3,1) (3,2) (3,3) (3,4) (4,0) (4,1) (4,2) (4,3) (4,4) (5,0) (5,1) (5,2) (5,3) (5,4) (6,0) (6,1) (6,2) (6,3) (6,4)   also met at 3 more region(s)
  73   MM[73] (1D)  seats (0,0) (0,1) (0,2) (0,3) (0,4) (0,5) (0,6) (0,7) (0,8) (0,9) (0,10) (1,0) (1,1) (1,2) (1,3) (1,4) (1,5) (1,6) (1,7) (1,8) (1,9) (1,10) (2,0) (2,1) (2,2) (2,3) (2,4) (2,5) (2,6) (2,7) (2,8) (2,9) (2,10) (3,0) (3,1) (3,2) (3,3) (3,4) (4,0) (4,1) (4,2) (4,3) (4,4) (5,0) (5,1) (5,2) (5,3) (5,4) (6,0) (6,1) (6,2) (6,3) (6,4) (7,0) (7,1) (7,2) (7,3) (7,4) (8,0) (8,1) (8,2) (8,3) (8,4) (9,0) (9,1) (9,2) (9,3) (9,4) (10,0) (10,1) (10,2) (10,3) (10,4)   also met at 1 more region(s)
  89   MM[89] (1D)  seats (0,0) (0,1) (0,2) (0,3) (0,4) (0,5) (0,6) (0,7) (0,8) (0,9) (0,10) (1,0) (1,1) (1,2) (1,3) (1,4) (1,5) (1,6) (1,7) (1,8) (1,9) (1,10) (2,0) (2,1) (2,2) (2,3) (2,4) (2,5) (2,6) (2,7) (2,8) (2,9) (2,10) (3,0) (3,1) (3,2) (3,3) (3,4) (3,5) (3,6) (4,0) (4,1) (4,2) (4,3) (4,4) (4,5) (4,6) (5,0) (5,1) (5,2) (5,3) (5,4) (5,5) (5,6) (6,0) (6,1) (6,2) (6,3) (6,4) (6,5) (6,6) (7,0) (7,1) (7,2) (7,3) (7,4) (7,5) (7,6) (8,0) (8,1) (8,2) (8,3) (8,4) (8,5) (8,6) (9,0) (9,1) (9,2) (9,3) (9,4) (9,5) (9,6) (10,0) (10,1) (10,2) (10,3) (10,4) (10,5) (10,6)   also met at 1 more region(s)
  [23,3] MM[[23,3]] (1D) seats (0,0) (0,1) (0,2) (0,3) (0,4) (0,5) (0,6) (0,7) (0,8) (0,9) (0,10) (1,0) (1,1) (1,2) (1,3) (1,4) (1,5) (1,6) (1,7) (1,8) (1,9) (1,10) (2,0) (2,1) (2,2) (2,3) (2,4) (2,5) (2,6) (2,7) (2,8) (2,9) (2,10) (3,0) (3,1) (3,2) (3,3) (3,4) (3,5) (3,6) (3,7) (3,8) (3,9) (3,10) (4,0) (4,1) (4,2) (4,3) (4,4) (4,5) (4,6) (4,7) (4,8) (4,9) (4,10) (5,0) (5,1) (5,2) (5,3) (5,4) (5,5) (5,6) (6,0) (6,1) (6,2) (6,3) (6,4) (6,5) (6,6)   also met at 1 more region(s)
  97   MM[97] (1D)  seats (0,0) (0,1) (0,2) (0,3) (0,4) (0,5) (0,6) (0,7) (0,8) (0,9) (0,10) (1,0) (1,1) (1,2) (1,3) (1,4) (1,5) (1,6) (1,7) (1,8) (1,9) (1,10) (2,0) (2,1) (2,2) (2,3) (2,4) (2,5) (2,6) (2,7) (2,8) (2,9) (2,10) (3,0) (3,1) (3,2) (3,3) (3,4) (3,5) (3,6) (3,7) (3,8) (3,9) (3,10) (4,0) (4,1) (4,2) (4,3) (4,4) (4,5) (4,6) (4,7) (4,8) (4,9) (4,10) (5,0) (5,1) (5,2) (5,3) (5,4) (5,5) (5,6) (6,0) (6,1) (6,2) (6,3) (6,4) (6,5) (6,6) (7,0) (7,1) (7,2) (7,3) (7,4) (7,5) (7,6) (8,0) (8,1) (8,2) (8,3) (8,4) (8,5) (8,6) (9,0) (9,1) (9,2) (9,3) (9,4) (9,5) (9,6) (10,0) (10,1) (10,2) (10,3) (10,4) (10,5) (10,6)   also met at 1 more region(s)
  [[3,5],7] MM[[[3,5],7]] (1D) seats (0,0) (0,1) (0,2) (0,3) (0,4) (0,5) (0,6) (0,7) (0,8) (0,9) (0,10) (1,0) (1,1) (1,2) (1,3) (1,4) (1,5) (1,6) (1,7) (1,8) (1,9) (1,10) (2,0) (2,1) (2,2) (2,3) (2,4) (2,5) (2,6) (2,7) (2,8) (2,9) (2,10) (3,0) (3,1) (3,2) (3,3) (3,4) (3,5) (3,6) (3,7) (3,8) (3,9) (3,10) (4,0) (4,1) (4,2) (4,3) (4,4) (4,5) (4,6) (4,7) (4,8) (4,9) (4,10) (5,0) (5,1) (5,2) (5,3) (5,4) (5,5) (5,6) (5,7) (5,8) (5,9) (5,10) (6,0) (6,1) (6,2) (6,3) (6,4) (6,5) (6,6) (6,7) (6,8) (6,9) (6,10) (7,0) (7,1) (7,2) (7,3) (7,4) (7,5) (7,6) (8,0) (8,1) (8,2) (8,3) (8,4) (8,5) (8,6) (9,0) (9,1) (9,2) (9,3) (9,4) (9,5) (9,6) (10,0) (10,1) (10,2) (10,3) (10,4) (10,5) (10,6)
  [[3,3,3],3] MM[[[3,3,3],3]] (1D) seats (0,0) (0,1) (0,2) (0,3) (0,4) (0,5) (0,6) (0,7) (0,8) (0,9) (0,10) (1,0) (1,1) (1,2) (1,3) (1,4) (1,5) (1,6) (1,7) (1,8) (1,9) (1,10) (2,0) (2,1) (2,2) (2,3) (2,4) (2,5) (2,6) (2,7) (2,8) (2,9) (2,10) (3,0) (3,1) (3,2) (3,3) (3,4) (3,5) (3,6) (3,7) (3,8) (3,9) (3,10) (4,0) (4,1) (4,2) (4,3) (4,4) (4,5) (4,6) (4,7) (4,8) (4,9) (4,10) (5,0) (5,1) (5,2) (5,3) (5,4) (5,5) (5,6) (5,7) (5,8) (5,9) (5,10) (6,0) (6,1) (6,2) (6,3) (6,4) (6,5) (6,6) (6,7) (6,8) (6,9) (6,10) (7,0) (8,0) (9,0) (10,0)   also met at 1 more region(s)
collapses (a rail ring this container's matrix is the resolution of):
  none

every address:   11{Q*([11,11]/O159, O159/[11,11], O159/4, 4/O159, O159/[2,3], [2,3]/O159, O159/[2,5], [2,5]/O159, O159/[2,7], [2,7]/O159, O159/[3,2], [3,2]/O159, O159/[3,3], [3,3]/O159, O159/[3,5], [3,5]/O159, O159/[3,7], [3,7]/O159, O159/[5,2], [5,2]/O159, O159/[5,3], [5,3]/O159, O159/[5,5], [5,5]/O159, O159/[5,7], [5,7]/O159, O159/[7,2], [7,2]/O159, O159/[7,3], [7,3]/O159, O159/[7,5], [7,5]/O159, O159/[11,2], [11,2]/O159, O159/[11,3], [11,3]/O159, O159/[11,5], [11,5]/O159, [11,7]/O159, O159/[11,7], O159/2₀, 2₀/O159, O159/2₁, 2₁/O159, O159/3₀, 3₀/O159, O159/3₁, 3₁/O159, O159/5₀, 5₀/O159, O159/5₁, 5₁/O159, O159/7₀, 7₀/O159, O159/7₁, 7₁/O159, O159/11₀, 11₀/O159, 1/O159), Pq([11,11]/4, 4/[11,11], [11,11]/[2,3], [2,3]/[11,11], [11,11]/[2,5], [2,5]/[11,11], [11,11]/[2,7], [2,7]/[11,11], [11,11]/[2,11], [2,11]/[11,11], [11,11]/[3,2], [3,2]/[11,11], [11,11]/[3,3], [3,3]/[11,11], [11,11]/[3,5], [3,5]/[11,11], [11,11]/[3,7], [3,7]/[11,11], [11,11]/[3,11], [3,11]/[11,11], [11,11]/[5,2], [5,2]/[11,11], [11,11]/[5,3], [5,3]/[11,11], [11,11]/[5,5], [5,5]/[11,11], [11,11]/[5,7], [5,7]/[11,11], [11,11]/[5,11], [5,11]/[11,11], [11,11]/[7,2], [7,2]/[11,11], [11,11]/[7,3], [7,3]/[11,11], [11,11]/[7,5], [7,5]/[11,11], [11,11]/[7,7], [7,7]/[11,11], [11,11]/[7,11], [7,11]/[11,11], [11,11]/[11,2], [11,2]/[11,11], [11,11]/[11,3], [11,3]/[11,11], [11,11]/[11,5], [11,5]/[11,11], [11,11]/[11,7], [11,7]/[11,11], [11,11]/2₀, 2₀/[11,11], [11,11]/2₁, 2₁/[11,11], [11,11]/3₀, 3₀/[11,11], [11,11]/3₁, 3₁/[11,11], [11,11]/5₀, 5₀/[11,11], [11,11]/5₁, 5₁/[11,11], [11,11]/7₀, 7₀/[11,11], [11,11]/7₁, 7₁/[11,11], [[11,11]/11₀, [2,11]/2₀, [3,11]/3₀, [5,11]/5₀, [7,11]/7₀], [11₀/[11,11], 2₀/[2,11], 3₀/[3,11], 5₀/[5,11], 7₀/[7,11], 1/11₁], [[11,11]/11₁, [11,2]/2₁, [11,3]/3₁, [11,5]/5₁, [11,7]/7₁], [11₁/[11,11], 2₁/[11,2], 3₁/[11,3], 5₁/[11,5], 7₁/[11,7], 1/11₀], 1/[11,11], [2,3]/4, 4/[2,3], [2,5]/4, 4/[2,5], [2,7]/4, 4/[2,7], [2,11]/4, 4/[2,11], [3,2]/4, 4/[3,2], [3,3]/4, 4/[3,3], [3,5]/4, 4/[3,5], [3,7]/4, 4/[3,7], [3,11]/4, 4/[3,11], [5,2]/4, 4/[5,2], [5,3]/4, 4/[5,3], [5,5]/4, 4/[5,5], [5,7]/4, 4/[5,7], [5,11]/4, 4/[5,11], [7,2]/4, 4/[7,2], [7,3]/4, 4/[7,3], [7,5]/4, 4/[7,5], [7,7]/4, 4/[7,7], [7,11]/4, 4/[7,11], [11,2]/4, 4/[11,2], [11,3]/4, 4/[11,3], [11,5]/4, 4/[11,5], [11,7]/4, 4/[11,7], [4/2₀, [3,2]/3₀, [5,2]/5₀, [7,2]/7₀, [11,2]/11₀], [2₀/4, 3₀/[3,2], 5₀/[5,2], 7₀/[7,2], 11₀/[11,2], 1/2₁], [4/2₁, [2,3]/3₁, [2,5]/5₁, [2,7]/7₁, [2,11]/11₁], [2₁/4, 3₁/[2,3], 5₁/[2,5], 7₁/[2,7], 11₁/[2,11], 1/2₀], 1/4, [2,5]/[2,3], [2,3]/[2,5], [2,7]/[2,3], [2,3]/[2,7], [2,11]/[2,3], [2,3]/[2,11], [3,3]/[2,3], [2,3]/[3,3], [3,5]/[2,3], [2,3]/[3,5], [3,7]/[2,3], [2,3]/[3,7], [3,11]/[2,3], [2,3]/[3,11], [5,3]/[2,3], [2,3]/[5,3], [5,5]/[2,3], [2,3]/[5,5], [5,7]/[2,3], [2,3]/[5,7], [5,11]/[2,3], [2,3]/[5,11], [7,3]/[2,3], [2,3]/[7,3], [7,5]/[2,3], [2,3]/[7,5], [7,7]/[2,3], [2,3]/[7,7], [7,11]/[2,3], [2,3]/[7,11], [11,3]/[2,3], [2,3]/[11,3], [11,5]/[2,3], [2,3]/[11,5], [11,7]/[2,3], [2,3]/[11,7], [[2,3]/2₀, [3,3]/3₀, [5,3]/5₀, [7,3]/7₀, [11,3]/11₀], [2₀/[2,3], 3₀/[3,3], 5₀/[5,3], 7₀/[7,3], 11₀/[11,3], 1/3₁], [2,3]/2₁, 2₁/[2,3], 1/[2,3], [2,7]/[2,5], [2,5]/[2,7], [2,11]/[2,5], [2,5]/[2,11], [3,5]/[2,5], [2,5]/[3,5], [3,7]/[2,5], [2,5]/[3,7], [3,11]/[2,5], [2,5]/[3,11], [5,5]/[2,5], [2,5]/[5,5], [5,7]/[2,5], [2,5]/[5,7], [5,11]/[2,5], [2,5]/[5,11], [7,5]/[2,5], [2,5]/[7,5], [7,7]/[2,5], [2,5]/[7,7], [7,11]/[2,5], [2,5]/[7,11], [11,5]/[2,5], [2,5]/[11,5], [11,7]/[2,5], [2,5]/[11,7], [[2,5]/2₀, [3,5]/3₀, [5,5]/5₀, [7,5]/7₀, [11,5]/11₀], [2₀/[2,5], 3₀/[3,5], 5₀/[5,5], 7₀/[7,5], 11₀/[11,5], 1/5₁], [2,5]/2₁, 2₁/[2,5], [2,5]/3₁, 3₁/[2,5], 1/[2,5], [2,11]/[2,7], [2,7]/[2,11], [3,7]/[2,7], [2,7]/[3,7], [3,11]/[2,7], [2,7]/[3,11], [5,7]/[2,7], [2,7]/[5,7], [5,11]/[2,7], [2,7]/[5,11], [7,7]/[2,7], [2,7]/[7,7], [7,11]/[2,7], [2,7]/[7,11], [11,7]/[2,7], [2,7]/[11,7], [[2,7]/2₀, [3,7]/3₀, [5,7]/5₀, [7,7]/7₀, [11,7]/11₀], [2₀/[2,7], 3₀/[3,7], 5₀/[5,7], 7₀/[7,7], 11₀/[11,7], 1/7₁], [2,7]/2₁, 2₁/[2,7], [2,7]/3₁, 3₁/[2,7], [2,7]/5₁, 5₁/[2,7], 1/[2,7], [3,11]/[2,11], [2,11]/[3,11], [5,11]/[2,11], [2,11]/[5,11], [7,11]/[2,11], [2,11]/[7,11], [2,11]/2₁, 2₁/[2,11], [2,11]/3₁, 3₁/[2,11], [2,11]/5₁, 5₁/[2,11], [2,11]/7₁, 7₁/[2,11], 1/[2,11], [3,3]/[3,2], [3,2]/[3,3], [3,5]/[3,2], [3,2]/[3,5], [3,7]/[3,2], [3,2]/[3,7], [3,11]/[3,2], [3,2]/[3,11], [5,2]/[3,2], [3,2]/[5,2], [5,3]/[3,2], [3,2]/[5,3], [5,5]/[3,2], [3,2]/[5,5], [5,7]/[3,2], [3,2]/[5,7], [5,11]/[3,2], [3,2]/[5,11], [7,2]/[3,2], [3,2]/[7,2], [7,3]/[3,2], [3,2]/[7,3], [7,5]/[3,2], [3,2]/[7,5], [7,7]/[3,2], [3,2]/[7,7], [7,11]/[3,2], [3,2]/[7,11], [11,2]/[3,2], [3,2]/[11,2], [11,3]/[3,2], [3,2]/[11,3], [11,5]/[3,2], [3,2]/[11,5], [11,7]/[3,2], [3,2]/[11,7], [3,2]/2₀, 2₀/[3,2], [[3,2]/2₁, [3,3]/3₁, [3,5]/5₁, [3,7]/7₁, [3,11]/11₁], [2₁/[3,2], 3₁/[3,3], 5₁/[3,5], 7₁/[3,7], 11₁/[3,11], 1/3₀], 1/[3,2], [3,5]/[3,3], [3,3]/[3,5], [3,7]/[3,3], [3,3]/[3,7], [3,11]/[3,3], [3,3]/[3,11], [5,3]/[3,3], [3,3]/[5,3], [5,5]/[3,3], [3,3]/[5,5], [5,7]/[3,3], [3,3]/[5,7], [5,11]/[3,3], [3,3]/[5,11], [7,3]/[3,3], [3,3]/[7,3], [7,5]/[3,3], [3,3]/[7,5], [7,7]/[3,3], [3,3]/[7,7], [7,11]/[3,3], [3,3]/[7,11], [11,3]/[3,3], [3,3]/[11,3], [11,5]/[3,3], [3,3]/[11,5], [11,7]/[3,3], [3,3]/[11,7], [3,3]/2₀, 2₀/[3,3], [3,3]/2₁, 2₁/[3,3], 1/[3,3], [3,7]/[3,5], [3,5]/[3,7], [3,11]/[3,5], [3,5]/[3,11], [5,5]/[3,5], [3,5]/[5,5], [5,7]/[3,5], [3,5]/[5,7], [5,11]/[3,5], [3,5]/[5,11], [7,5]/[3,5], [3,5]/[7,5], [7,7]/[3,5], [3,5]/[7,7], [7,11]/[3,5], [3,5]/[7,11], [11,5]/[3,5], [3,5]/[11,5], [11,7]/[3,5], [3,5]/[11,7], [3,5]/2₀, 2₀/[3,5], [3,5]/2₁, 2₁/[3,5], [3,5]/3₁, 3₁/[3,5], 1/[3,5], [3,11]/[3,7], [3,7]/[3,11], [5,7]/[3,7], [3,7]/[5,7], [5,11]/[3,7], [3,7]/[5,11], [7,7]/[3,7], [3,7]/[7,7], [7,11]/[3,7], [3,7]/[7,11], [11,7]/[3,7], [3,7]/[11,7], [3,7]/2₀, 2₀/[3,7], [3,7]/2₁, 2₁/[3,7], [3,7]/3₁, 3₁/[3,7], [3,7]/5₁, 5₁/[3,7], 1/[3,7], [5,11]/[3,11], [3,11]/[5,11], [7,11]/[3,11], [3,11]/[7,11], [3,11]/2₀, 2₀/[3,11], [3,11]/2₁, 2₁/[3,11], [3,11]/3₁, 3₁/[3,11], [3,11]/5₁, 5₁/[3,11], [3,11]/7₁, 7₁/[3,11], 1/[3,11], [5,3]/[5,2], [5,2]/[5,3], [5,5]/[5,2], [5,2]/[5,5], [5,7]/[5,2], [5,2]/[5,7], [5,11]/[5,2], [5,2]/[5,11], [7,2]/[5,2], [5,2]/[7,2], [7,3]/[5,2], [5,2]/[7,3], [7,5]/[5,2], [5,2]/[7,5], [7,7]/[5,2], [5,2]/[7,7], [7,11]/[5,2], [5,2]/[7,11], [11,2]/[5,2], [5,2]/[11,2], [11,3]/[5,2], [5,2]/[11,3], [11,5]/[5,2], [5,2]/[11,5], [11,7]/[5,2], [5,2]/[11,7], [5,2]/2₀, 2₀/[5,2], [[5,2]/2₁, [5,3]/3₁, [5,5]/5₁, [5,7]/7₁, [5,11]/11₁], [2₁/[5,2], 3₁/[5,3], 5₁/[5,5], 7₁/[5,7], 11₁/[5,11], 1/5₀], [5,2]/3₀, 3₀/[5,2], 1/[5,2], [5,5]/[5,3], [5,3]/[5,5], [5,7]/[5,3], [5,3]/[5,7], [5,11]/[5,3], [5,3]/[5,11], [7,3]/[5,3], [5,3]/[7,3], [7,5]/[5,3], [5,3]/[7,5], [7,7]/[5,3], [5,3]/[7,7], [7,11]/[5,3], [5,3]/[7,11], [11,3]/[5,3], [5,3]/[11,3], [11,5]/[5,3], [5,3]/[11,5], [11,7]/[5,3], [5,3]/[11,7], [5,3]/2₀, 2₀/[5,3], [5,3]/2₁, 2₁/[5,3], [5,3]/3₀, 3₀/[5,3], 1/[5,3], [5,7]/[5,5], [5,5]/[5,7], [5,11]/[5,5], [5,5]/[5,11], [7,5]/[5,5], [5,5]/[7,5], [7,7]/[5,5], [5,5]/[7,7], [7,11]/[5,5], [5,5]/[7,11], [11,5]/[5,5], [5,5]/[11,5], [11,7]/[5,5], [5,5]/[11,7], [5,5]/2₀, 2₀/[5,5], [5,5]/2₁, 2₁/[5,5], [5,5]/3₀, 3₀/[5,5], [5,5]/3₁, 3₁/[5,5], 1/[5,5], [5,11]/[5,7], [5,7]/[5,11], [7,7]/[5,7], [5,7]/[7,7], [7,11]/[5,7], [5,7]/[7,11], [11,7]/[5,7], [5,7]/[11,7], [5,7]/2₀, 2₀/[5,7], [5,7]/2₁, 2₁/[5,7], [5,7]/3₀, 3₀/[5,7], [5,7]/3₁, 3₁/[5,7], [5,7]/5₁, 5₁/[5,7], 1/[5,7], [7,11]/[5,11], [5,11]/[7,11], [5,11]/2₀, 2₀/[5,11], [5,11]/2₁, 2₁/[5,11], [5,11]/3₀, 3₀/[5,11], [5,11]/3₁, 3₁/[5,11], [5,11]/5₁, 5₁/[5,11], [5,11]/7₁, 7₁/[5,11], 1/[5,11], [7,3]/[7,2], [7,2]/[7,3], [7,5]/[7,2], [7,2]/[7,5], [7,7]/[7,2], [7,2]/[7,7], [7,11]/[7,2], [7,2]/[7,11], [11,2]/[7,2], [7,2]/[11,2], [11,3]/[7,2], [7,2]/[11,3], [11,5]/[7,2], [7,2]/[11,5], [11,7]/[7,2], [7,2]/[11,7], [7,2]/2₀, 2₀/[7,2], [[7,2]/2₁, [7,3]/3₁, [7,5]/5₁, [7,7]/7₁, [7,11]/11₁], [2₁/[7,2], 3₁/[7,3], 5₁/[7,5], 7₁/[7,7], 11₁/[7,11], 1/7₀], [7,2]/3₀, 3₀/[7,2], [7,2]/5₀, 5₀/[7,2], 1/[7,2], [7,5]/[7,3], [7,3]/[7,5], [7,7]/[7,3], [7,3]/[7,7], [7,11]/[7,3], [7,3]/[7,11], [11,3]/[7,3], [7,3]/[11,3], [11,5]/[7,3], [7,3]/[11,5], [11,7]/[7,3], [7,3]/[11,7], [7,3]/2₀, 2₀/[7,3], [7,3]/2₁, 2₁/[7,3], [7,3]/3₀, 3₀/[7,3], [7,3]/5₀, 5₀/[7,3], 1/[7,3], [7,7]/[7,5], [7,5]/[7,7], [7,11]/[7,5], [7,5]/[7,11], [11,5]/[7,5], [7,5]/[11,5], [11,7]/[7,5], [7,5]/[11,7], [7,5]/2₀, 2₀/[7,5], [7,5]/2₁, 2₁/[7,5], [7,5]/3₀, 3₀/[7,5], [7,5]/3₁, 3₁/[7,5], [7,5]/5₀, 5₀/[7,5], 1/[7,5], [7,11]/[7,7], [7,7]/[7,11], [11,7]/[7,7], [7,7]/[11,7], [7,7]/2₀, 2₀/[7,7], [7,7]/2₁, 2₁/[7,7], [7,7]/3₀, 3₀/[7,7], [7,7]/3₁, 3₁/[7,7], [7,7]/5₀, 5₀/[7,7], [7,7]/5₁, 5₁/[7,7], 1/[7,7], [7,11]/2₀, 2₀/[7,11], [7,11]/2₁, 2₁/[7,11], [7,11]/3₀, 3₀/[7,11], [7,11]/3₁, 3₁/[7,11], [7,11]/5₀, 5₀/[7,11], [7,11]/5₁, 5₁/[7,11], [7,11]/7₁, 7₁/[7,11], 1/[7,11], [11,3]/[11,2], [11,2]/[11,3], [11,5]/[11,2], [11,2]/[11,5], [11,7]/[11,2], [11,2]/[11,7], [11,2]/2₀, 2₀/[11,2], [11,2]/3₀, 3₀/[11,2], [11,2]/5₀, 5₀/[11,2], [11,2]/7₀, 7₀/[11,2], 1/[11,2], [11,5]/[11,3], [11,3]/[11,5], [11,7]/[11,3], [11,3]/[11,7], [11,3]/2₀, 2₀/[11,3], [11,3]/2₁, 2₁/[11,3], [11,3]/3₀, 3₀/[11,3], [11,3]/5₀, 5₀/[11,3], [11,3]/7₀, 7₀/[11,3], 1/[11,3], [11,7]/[11,5], [11,5]/[11,7], [11,5]/2₀, 2₀/[11,5], [11,5]/2₁, 2₁/[11,5], [11,5]/3₀, 3₀/[11,5], [11,5]/3₁, 3₁/[11,5], [11,5]/5₀, 5₀/[11,5], [11,5]/7₀, 7₀/[11,5], 1/[11,5], [11,7]/2₀, 2₀/[11,7], [11,7]/2₁, 2₁/[11,7], [11,7]/3₀, 3₀/[11,7], [11,7]/3₁, 3₁/[11,7], [11,7]/5₀, 5₀/[11,7], [11,7]/5₁, 5₁/[11,7], [11,7]/7₀, 7₀/[11,7], 1/[11,7], 3₀/2₀, 2₀/3₀, 5₀/2₀, 2₀/5₀, 7₀/2₀, 2₀/7₀, 11₀/2₀, 2₀/11₀, 3₁/2₁, 2₁/3₁, 5₁/2₁, 2₁/5₁, 7₁/2₁, 2₁/7₁, 11₁/2₁, 2₁/11₁, 5₀/3₀, 3₀/5₀, 7₀/3₀, 3₀/7₀, 11₀/3₀, 3₀/11₀, 5₁/3₁, 3₁/5₁, 7₁/3₁, 3₁/7₁, 11₁/3₁, 3₁/11₁, 7₀/5₀, 5₀/7₀, 11₀/5₀, 5₀/11₀, 7₁/5₁, 5₁/7₁, 11₁/5₁, 5₁/11₁, 11₀/7₀, 7₀/11₀, 11₁/7₁, 7₁/11₁), Pn(62)}
re-met relations: R*([11,11]/13, 13/[11,11], 13/4, 4/13, [11,2]/13, 13/[11,2], [11,3]/13, 13/[11,3], [11,5]/13, 13/[11,5], [11,7]/13, 13/[11,7], 13/2₀, 2₀/13, 13/2₁, 2₁/13, 13/3₀, 3₀/13, 13/5₀, 5₀/13, 13/7₀, 7₀/13, 13/11₀, 11₀/13, 1/13, [11,11]/8, 8/[11,11], 8/4, 4/8, 8/[2,3], [2,3]/8, 8/[3,2], [3,2]/8, [3,3]/8, 8/[3,3], [3,5]/8, 8/[3,5], [3,7]/8, 8/[3,7], [3,11]/8, 8/[3,11], [5,3]/8, 8/[5,3], [5,5]/8, 8/[5,5], [5,7]/8, 8/[5,7], [5,11]/8, 8/[5,11], [7,3]/8, 8/[7,3], [7,5]/8, 8/[7,5], [7,7]/8, 8/[7,7], [7,11]/8, 8/[7,11], [11,3]/8, 8/[11,3], [11,5]/8, 8/[11,5], [11,7]/8, 8/[11,7], 8/2₀, 2₀/8, 8/2₁, 2₁/8, 8/3₀, 3₀/8, 8/3₁, 3₁/8, 1/8, [11,11]/[2,2,3], [2,2,3]/[11,11], [2,2,3]/4, 4/[2,2,3], [2,2,3]/[2,3], [2,3]/[2,2,3], [2,2,3]/[3,2], [3,2]/[2,2,3], [2,2,3]/[5,2], [5,2]/[2,2,3], [5,3]/[2,2,3], [2,2,3]/[5,3], [5,5]/[2,2,3], [2,2,3]/[5,5], [5,7]/[2,2,3], [2,2,3]/[5,7], [5,11]/[2,2,3], [2,2,3]/[5,11], [7,3]/[2,2,3], [2,2,3]/[7,3], [7,5]/[2,2,3], [2,2,3]/[7,5], [7,7]/[2,2,3], [2,2,3]/[7,7], [7,11]/[2,2,3], [2,2,3]/[7,11], [11,3]/[2,2,3], [2,2,3]/[11,3], [11,5]/[2,2,3], [2,2,3]/[11,5], [11,7]/[2,2,3], [2,2,3]/[11,7], [2,2,3]/2₀, 2₀/[2,2,3], [2,2,3]/2₁, 2₁/[2,2,3], [2,2,3]/3₀, 3₀/[2,2,3], [2,2,3]/3₁, 3₁/[2,2,3], [2,2,3]/5₀, 5₀/[2,2,3], 1/[2,2,3], [11,11]/[8,2], [8,2]/[11,11], [8,2]/4, 4/[8,2], [8,2]/[2,3], [2,3]/[8,2], [8,2]/[3,2], [3,2]/[8,2], [8,2]/[5,2], [5,2]/[8,2], [8,2]/[7,2], [7,2]/[8,2], [7,3]/[8,2], [8,2]/[7,3], [7,5]/[8,2], [8,2]/[7,5], [7,7]/[8,2], [8,2]/[7,7], [7,11]/[8,2], [8,2]/[7,11], [11,3]/[8,2], [8,2]/[11,3], [11,5]/[8,2], [8,2]/[11,5], [11,7]/[8,2], [8,2]/[11,7], [8,2]/2₀, 2₀/[8,2], [8,2]/2₁, 2₁/[8,2], [8,2]/3₀, 3₀/[8,2], [8,2]/3₁, 3₁/[8,2], [8,2]/5₀, 5₀/[8,2], [8,2]/7₀, 7₀/[8,2], 1/[8,2], [11,11]/[[2,3],4], [[2,3],4]/[11,11], [[2,3],4]/4, 4/[[2,3],4], [[2,3],4]/[2,3], [2,3]/[[2,3],4], [[2,3],4]/[3,2], [3,2]/[[2,3],4], [[2,3],4]/[5,2], [5,2]/[[2,3],4], [[2,3],4]/[7,2], [7,2]/[[2,3],4], [[2,3],4]/[11,2], [11,2]/[[2,3],4], [11,3]/[[2,3],4], [[2,3],4]/[11,3], [11,5]/[[2,3],4], [[2,3],4]/[11,5], [11,7]/[[2,3],4], [[2,3],4]/[11,7], [[2,3],4]/2₀, 2₀/[[2,3],4], [[2,3],4]/2₁, 2₁/[[2,3],4], [[2,3],4]/3₀, 3₀/[[2,3],4], [[2,3],4]/3₁, 3₁/[[2,3],4], [[2,3],4]/5₀, 5₀/[[2,3],4], [[2,3],4]/7₀, 7₀/[[2,3],4], [[2,3],4]/11₀, 11₀/[[2,3],4], 1/[[2,3],4], [11,11]/19, 19/[11,11], 19/4, 4/19, 19/[2,3], [2,3]/19, 19/[2,5], [2,5]/19, 19/[3,2], [3,2]/19, 19/[3,3], [3,3]/19, 19/[5,2], [5,2]/19, 19/[5,3], [5,3]/19, [5,5]/19, 19/[5,5], [5,7]/19, 19/[5,7], [5,11]/19, 19/[5,11], [7,5]/19, 19/[7,5], [7,7]/19, 19/[7,7], [7,11]/19, 19/[7,11], [11,5]/19, 19/[11,5], [11,7]/19, 19/[11,7], 19/2₀, 2₀/19, 19/2₁, 2₁/19, 19/3₀, 3₀/19, 19/3₁, 3₁/19, 19/5₀, 5₀/19, 19/5₁, 5₁/19, 1/19, [11,11]/[5,4], [5,4]/[11,11], [5,4]/4, 4/[5,4], [5,4]/[2,3], [2,3]/[5,4], [5,4]/[2,5], [2,5]/[5,4], [5,4]/[3,2], [3,2]/[5,4], [5,4]/[5,2], [5,2]/[5,4], [5,4]/[7,2], [7,2]/[5,4], [7,5]/[5,4], [5,4]/[7,5], [7,7]/[5,4], [5,4]/[7,7], [7,11]/[5,4], [5,4]/[7,11], [11,5]/[5,4], [5,4]/[11,5], [11,7]/[5,4], [5,4]/[11,7], [5,4]/2₀, 2₀/[5,4], [5,4]/2₁, 2₁/[5,4], [5,4]/3₀, 3₀/[5,4], [5,4]/3₁, 3₁/[5,4], [5,4]/5₀, 5₀/[5,4], [5,4]/5₁, 5₁/[5,4], [5,4]/7₀, 7₀/[5,4], 1/[5,4], [11,11]/[7,4], [7,4]/[11,11], [7,4]/4, 4/[7,4], [7,4]/[2,3], [2,3]/[7,4], [7,4]/[2,5], [2,5]/[7,4], [7,4]/[3,2], [3,2]/[7,4], [7,4]/[5,2], [5,2]/[7,4], [7,4]/[7,2], [7,2]/[7,4], [7,4]/[11,2], [11,2]/[7,4], [11,5]/[7,4], [7,4]/[11,5], [11,7]/[7,4], [7,4]/[11,7], [7,4]/2₀, 2₀/[7,4], [7,4]/2₁, 2₁/[7,4], [7,4]/3₀, 3₀/[7,4], [7,4]/3₁, 3₁/[7,4], [7,4]/5₀, 5₀/[7,4], [7,4]/5₁, 5₁/[7,4], [7,4]/7₀, 7₀/[7,4], [7,4]/11₀, 11₀/[7,4], 1/[7,4], [11,11]/37, 37/[11,11], 37/4, 4/37, 37/[2,3], [2,3]/37, 37/[2,5], [2,5]/37, 37/[3,2], [3,2]/37, 37/[3,3], [3,3]/37, 37/[5,2], [5,2]/37, 37/[5,3], [5,3]/37, 37/[7,2], [7,2]/37, 37/[7,3], [7,3]/37, 37/[11,2], [11,2]/37, 37/[11,3], [11,3]/37, [11,5]/37, 37/[11,5], [11,7]/37, 37/[11,7], 37/2₀, 2₀/37, 37/2₁, 2₁/37, 37/3₀, 3₀/37, 37/3₁, 3₁/37, 37/5₀, 5₀/37, 37/5₁, 5₁/37, 37/7₀, 7₀/37, 37/11₀, 11₀/37, 1/37, [11,11]/17, 17/[11,11], 17/4, 4/17, 17/[2,3], [2,3]/17, 17/[2,5], [2,5]/17, 17/[2,7], [2,7]/17, 17/[3,2], [3,2]/17, 17/[3,3], [3,3]/17, [3,7]/17, 17/[3,7], [3,11]/17, 17/[3,11], [5,7]/17, 17/[5,7], [5,11]/17, 17/[5,11], [7,7]/17, 17/[7,7], [7,11]/17, 17/[7,11], [11,7]/17, 17/[11,7], 17/2₀, 2₀/17, 17/2₁, 2₁/17, 17/3₀, 3₀/17, 17/3₁, 3₁/17, 17/5₁, 5₁/17, 17/7₁, 7₁/17, 1/17, [11,11]/23, 23/[11,11], 23/4, 4/23, 23/[2,3], [2,3]/23, 23/[2,5], [2,5]/23, 23/[2,7], [2,7]/23, 23/[3,2], [3,2]/23, 23/[3,3], [3,3]/23, 23/[5,2], [5,2]/23, 23/[5,3], [5,3]/23, [5,7]/23, 23/[5,7], [5,11]/23, 23/[5,11], [7,7]/23, 23/[7,7], [7,11]/23, 23/[7,11], [11,7]/23, 23/[11,7], 23/2₀, 2₀/23, 23/2₁, 2₁/23, 23/3₀, 3₀/23, 23/3₁, 3₁/23, 23/5₀, 5₀/23, 23/5₁, 5₁/23, 23/7₁, 7₁/23, 1/23, [11,11]/29, 29/[11,11], 29/4, 4/29, 29/[2,3], [2,3]/29, 29/[2,5], [2,5]/29, 29/[2,7], [2,7]/29, 29/[3,2], [3,2]/29, 29/[3,3], [3,3]/29, 29/[3,5], [3,5]/29, 29/[5,2], [5,2]/29, 29/[5,3], [5,3]/29, 29/[5,5], [5,5]/29, [5,7]/29, 29/[5,7], [5,11]/29, 29/[5,11], [7,7]/29, 29/[7,7], [7,11]/29, 29/[7,11], [11,7]/29, 29/[11,7], 29/2₀, 2₀/29, 29/2₁, 2₁/29, 29/3₀, 3₀/29, 29/3₁, 3₁/29, 29/5₀, 5₀/29, 29/5₁, 5₁/29, 29/7₁, 7₁/29, 1/29, [11,11]/[3,13], [3,13]/[11,11], [3,13]/4, 4/[3,13], [3,13]/[2,3], [2,3]/[3,13], [3,13]/[2,5], [2,5]/[3,13], [3,13]/[2,7], [2,7]/[3,13], [3,13]/[3,2], [3,2]/[3,13], [3,13]/[3,3], [3,3]/[3,13], [3,13]/[3,5], [3,5]/[3,13], [3,13]/[5,2], [5,2]/[3,13], [3,13]/[5,3], [5,3]/[3,13], [3,13]/[5,5], [5,5]/[3,13], [3,13]/[7,2], [7,2]/[3,13], [3,13]/[7,3], [7,3]/[3,13], [3,13]/[7,5], [7,5]/[3,13], [7,7]/[3,13], [3,13]/[7,7], [7,11]/[3,13], [3,13]/[7,11], [11,7]/[3,13], [3,13]/[11,7], [3,13]/2₀, 2₀/[3,13], [3,13]/2₁, 2₁/[3,13], [3,13]/3₀, 3₀/[3,13], [3,13]/3₁, 3₁/[3,13], [3,13]/5₀, 5₀/[3,13], [3,13]/5₁, 5₁/[3,13], [3,13]/7₀, 7₀/[3,13], [3,13]/7₁, 7₁/[3,13], 1/[3,13], [11,11]/[8,4], [8,4]/[11,11], [8,4]/4, 4/[8,4], [8,4]/[2,3], [2,3]/[8,4], [8,4]/[2,5], [2,5]/[8,4], [8,4]/[2,7], [2,7]/[8,4], [8,4]/[3,2], [3,2]/[8,4], [8,4]/[5,2], [5,2]/[8,4], [8,4]/[7,2], [7,2]/[8,4], [8,4]/[11,2], [11,2]/[8,4], [11,7]/[8,4], [8,4]/[11,7], [8,4]/2₀, 2₀/[8,4], [8,4]/2₁, 2₁/[8,4], [8,4]/3₀, 3₀/[8,4], [8,4]/3₁, 3₁/[8,4], [8,4]/5₀, 5₀/[8,4], [8,4]/5₁, 5₁/[8,4], [8,4]/7₀, 7₀/[8,4], [8,4]/7₁, 7₁/[8,4], [8,4]/11₀, 11₀/[8,4], 1/[8,4], [11,11]/41, 41/[11,11], 41/4, 4/41, 41/[2,3], [2,3]/41, 41/[2,5], [2,5]/41, 41/[2,7], [2,7]/41, 41/[3,2], [3,2]/41, 41/[3,3], [3,3]/41, 41/[5,2], [5,2]/41, 41/[5,3], [5,3]/41, 41/[7,2], [7,2]/41, 41/[7,3], [7,3]/41, 41/[11,2], [11,2]/41, 41/[11,3], [11,3]/41, [11,7]/41, 41/[11,7], 41/2₀, 2₀/41, 41/2₁, 2₁/41, 41/3₀, 3₀/41, 41/3₁, 3₁/41, 41/5₀, 5₀/41, 41/5₁, 5₁/41, 41/7₀, 7₀/41, 41/7₁, 7₁/41, 41/11₀, 11₀/41, 1/41, [11,11]/59, 59/[11,11], 59/4, 4/59, 59/[2,3], [2,3]/59, 59/[2,5], [2,5]/59, 59/[2,7], [2,7]/59, 59/[3,2], [3,2]/59, 59/[3,3], [3,3]/59, 59/[3,5], [3,5]/59, 59/[5,2], [5,2]/59, 59/[5,3], [5,3]/59, 59/[5,5], [5,5]/59, 59/[7,2], [7,2]/59, 59/[7,3], [7,3]/59, 59/[7,5], [7,5]/59, 59/[11,2], [11,2]/59, 59/[11,3], [11,3]/59, 59/[11,5], [11,5]/59, [11,7]/59, 59/[11,7], 59/2₀, 2₀/59, 59/2₁, 2₁/59, 59/3₀, 3₀/59, 59/3₁, 3₁/59, 59/5₀, 5₀/59, 59/5₁, 5₁/59, 59/7₀, 7₀/59, 59/7₁, 7₁/59, 59/11₀, 11₀/59, 1/59, [11,11]/[2,3,3], [2,3,3]/[11,11], [2,3,3]/4, 4/[2,3,3], [2,3,3]/[2,3], [2,3]/[2,3,3], [2,3,3]/[2,5], [2,5]/[2,3,3], [2,3,3]/[2,7], [2,7]/[2,3,3], [2,11]/[2,3,3], [2,3,3]/[2,11], [3,11]/[2,3,3], [2,3,3]/[3,11], [5,11]/[2,3,3], [2,3,3]/[5,11], [7,11]/[2,3,3], [2,3,3]/[7,11], [2,3,3]/2₀, 2₀/[2,3,3], [2,3,3]/2₁, 2₁/[2,3,3], [2,3,3]/3₁, 3₁/[2,3,3], [2,3,3]/5₁, 5₁/[2,3,3], [2,3,3]/7₁, 7₁/[2,3,3], [2,3,3]/11₁, 11₁/[2,3,3], 1/[2,3,3], [11,11]/[3,3,3], [3,3,3]/[11,11], [3,3,3]/4, 4/[3,3,3], [3,3,3]/[2,3], [2,3]/[3,3,3], [3,3,3]/[2,5], [2,5]/[3,3,3], [3,3,3]/[2,7], [2,7]/[3,3,3], [3,3,3]/[2,11], [2,11]/[3,3,3], [3,3,3]/[3,2], [3,2]/[3,3,3], [3,3,3]/[3,3], [3,3]/[3,3,3], [3,3,3]/[3,5], [3,5]/[3,3,3], [3,11]/[3,3,3], [3,3,3]/[3,11], [5,11]/[3,3,3], [3,3,3]/[5,11], [7,11]/[3,3,3], [3,3,3]/[7,11], [3,3,3]/2₀, 2₀/[3,3,3], [3,3,3]/2₁, 2₁/[3,3,3], [3,3,3]/3₀, 3₀/[3,3,3], [3,3,3]/3₁, 3₁/[3,3,3], [3,3,3]/5₁, 5₁/[3,3,3], [3,3,3]/7₁, 7₁/[3,3,3], [3,3,3]/11₁, 11₁/[3,3,3], 1/[3,3,3], [11,11]/31, 31/[11,11], 31/4, 4/31, 31/[2,3], [2,3]/31, 31/[2,5], [2,5]/31, 31/[2,7], [2,7]/31, 31/[2,11], [2,11]/31, 31/[3,2], [3,2]/31, 31/[3,3], [3,3]/31, 31/[5,2], [5,2]/31, 31/[5,3], [5,3]/31, [5,11]/31, 31/[5,11], [7,11]/31, 31/[7,11], 31/2₀, 2₀/31, 31/2₁, 2₁/31, 31/3₀, 3₀/31, 31/3₁, 3₁/31, 31/5₀, 5₀/31, 31/5₁, 5₁/31, 31/7₁, 7₁/31, 31/11₁, 11₁/31, 1/31, [11,11]/43, 43/[11,11], 43/4, 4/43, 43/[2,3], [2,3]/43, 43/[2,5], [2,5]/43, 43/[2,7], [2,7]/43, 43/[2,11], [2,11]/43, 43/[3,2], [3,2]/43, 43/[3,3], [3,3]/43, 43/[3,5], [3,5]/43, 43/[3,7], [3,7]/43, 43/[5,2], [5,2]/43, 43/[5,3], [5,3]/43, 43/[5,5], [5,5]/43, 43/[5,7], [5,7]/43, [5,11]/43, 43/[5,11], [7,11]/43, 43/[7,11], 43/2₀, 2₀/43, 43/2₁, 2₁/43, 43/3₀, 3₀/43, 43/3₁, 3₁/43, 43/5₀, 5₀/43, 43/5₁, 5₁/43, 43/7₁, 7₁/43, 43/11₁, 11₁/43, 1/43, [11,11]/47, 47/[11,11], 47/4, 4/47, 47/[2,3], [2,3]/47, 47/[2,5], [2,5]/47, 47/[2,7], [2,7]/47, 47/[2,11], [2,11]/47, 47/[3,2], [3,2]/47, 47/[3,3], [3,3]/47, 47/[3,5], [3,5]/47, 47/[5,2], [5,2]/47, 47/[5,3], [5,3]/47, 47/[5,5], [5,5]/47, 47/[7,2], [7,2]/47, 47/[7,3], [7,3]/47, 47/[7,5], [7,5]/47, [7,11]/47, 47/[7,11], 47/2₀, 2₀/47, 47/2₁, 2₁/47, 47/3₀, 3₀/47, 47/3₁, 3₁/47, 47/5₀, 5₀/47, 47/5₁, 5₁/47, 47/7₀, 7₀/47, 47/7₁, 7₁/47, 47/11₁, 11₁/47, 1/47, [11,11]/[3,19], [3,19]/[11,11], [3,19]/4, 4/[3,19], [3,19]/[2,3], [2,3]/[3,19], [3,19]/[2,5], [2,5]/[3,19], [3,19]/[2,7], [2,7]/[3,19], [3,19]/[2,11], [2,11]/[3,19], [3,19]/[3,2], [3,2]/[3,19], [3,19]/[3,3], [3,3]/[3,19], [3,19]/[3,5], [3,5]/[3,19], [3,19]/[3,7], [3,7]/[3,19], [3,19]/[5,2], [5,2]/[3,19], [3,19]/[5,3], [5,3]/[3,19], [3,19]/[5,5], [5,5]/[3,19], [3,19]/[5,7], [5,7]/[3,19], [3,19]/[7,2], [7,2]/[3,19], [3,19]/[7,3], [7,3]/[3,19], [3,19]/[7,5], [7,5]/[3,19], [3,19]/[7,7], [7,7]/[3,19], [7,11]/[3,19], [3,19]/[7,11], [3,19]/2₀, 2₀/[3,19], [3,19]/2₁, 2₁/[3,19], [3,19]/3₀, 3₀/[3,19], [3,19]/3₁, 3₁/[3,19], [3,19]/5₀, 5₀/[3,19], [3,19]/5₁, 5₁/[3,19], [3,19]/7₀, 7₀/[3,19], [3,19]/7₁, 7₁/[3,19], [3,19]/11₁, 11₁/[3,19], 1/[3,19], [11,11]/[8,5], [8,5]/[11,11], [8,5]/4, 4/[8,5], [8,5]/[2,3], [2,3]/[8,5], [8,5]/[2,5], [2,5]/[8,5], [8,5]/[2,7], [2,7]/[8,5], [8,5]/[2,11], [2,11]/[8,5], [8,5]/[3,2], [3,2]/[8,5], [8,5]/[5,2], [5,2]/[8,5], [8,5]/[7,2], [7,2]/[8,5], [8,5]/[11,2], [11,2]/[8,5], [8,5]/2₀, 2₀/[8,5], [8,5]/2₁, 2₁/[8,5], [8,5]/3₀, 3₀/[8,5], [8,5]/3₁, 3₁/[8,5], [8,5]/5₀, 5₀/[8,5], [8,5]/5₁, 5₁/[8,5], [8,5]/7₀, 7₀/[8,5], [8,5]/7₁, 7₁/[8,5], [8,5]/11₀, 11₀/[8,5], [8,5]/11₁, 11₁/[8,5], 1/[8,5], [11,11]/67, 67/[11,11], 67/4, 4/67, 67/[2,3], [2,3]/67, 67/[2,5], [2,5]/67, 67/[2,7], [2,7]/67, 67/[2,11], [2,11]/67, 67/[3,2], [3,2]/67, 67/[3,3], [3,3]/67, 67/[3,5], [3,5]/67, 67/[5,2], [5,2]/67, 67/[5,3], [5,3]/67, 67/[5,5], [5,5]/67, 67/[7,2], [7,2]/67, 67/[7,3], [7,3]/67, 67/[7,5], [7,5]/67, 67/[11,2], [11,2]/67, 67/[11,3], [11,3]/67, 67/[11,5], [11,5]/67, 67/2₀, 2₀/67, 67/2₁, 2₁/67, 67/3₀, 3₀/67, 67/3₁, 3₁/67, 67/5₀, 5₀/67, 67/5₁, 5₁/67, 67/7₀, 7₀/67, 67/7₁, 7₁/67, 67/11₀, 11₀/67, 67/11₁, 11₁/67, 1/67, [11,11]/[5,17], [5,17]/[11,11], [5,17]/4, 4/[5,17], [5,17]/[2,3], [2,3]/[5,17], [5,17]/[2,5], [2,5]/[5,17], [5,17]/[2,7], [2,7]/[5,17], [5,17]/[2,11], [2,11]/[5,17], [5,17]/[3,2], [3,2]/[5,17], [5,17]/[3,3], [3,3]/[5,17], [5,17]/[3,5], [3,5]/[5,17], [5,17]/[3,7], [3,7]/[5,17], [5,17]/[5,2], [5,2]/[5,17], [5,17]/[5,3], [5,3]/[5,17], [5,17]/[5,5], [5,5]/[5,17], [5,17]/[5,7], [5,7]/[5,17], [5,17]/[7,2], [7,2]/[5,17], [5,17]/[7,3], [7,3]/[5,17], [5,17]/[7,5], [7,5]/[5,17], [5,17]/[7,7], [7,7]/[5,17], [5,17]/[11,2], [11,2]/[5,17], [5,17]/[11,3], [11,3]/[5,17], [5,17]/[11,5], [11,5]/[5,17], [5,17]/[11,7], [11,7]/[5,17], [5,17]/2₀, 2₀/[5,17], [5,17]/2₁, 2₁/[5,17], [5,17]/3₀, 3₀/[5,17], [5,17]/3₁, 3₁/[5,17], [5,17]/5₀, 5₀/[5,17], [5,17]/5₁, 5₁/[5,17], [5,17]/7₀, 7₀/[5,17], [5,17]/7₁, 7₁/[5,17], [5,17]/11₀, 11₀/[5,17], [5,17]/11₁, 11₁/[5,17], 1/[5,17], [11,11]/[[3,3],5], [[3,3],5]/[11,11], [[3,3],5]/4, 4/[[3,3],5], [[3,3],5]/[2,3], [2,3]/[[3,3],5], [[3,3],5]/[2,5], [2,5]/[[3,3],5], [[3,3],5]/[2,7], [2,7]/[[3,3],5], [[3,3],5]/[3,2], [3,2]/[[3,3],5], [[3,3],5]/[3,3], [3,3]/[[3,3],5], [[3,3],5]/[3,5], [3,5]/[[3,3],5], [[3,3],5]/[3,7], [3,7]/[[3,3],5], [[3,3],5]/[5,2], [5,2]/[[3,3],5], [[3,3],5]/[5,3], [5,3]/[[3,3],5], [[3,3],5]/[7,2], [7,2]/[[3,3],5], [[3,3],5]/[7,3], [7,3]/[[3,3],5], [[3,3],5]/[11,2], [11,2]/[[3,3],5], [[3,3],5]/[11,3], [11,3]/[[3,3],5], [11,7]/[[3,3],5], [[3,3],5]/[11,7], [[3,3],5]/2₀, 2₀/[[3,3],5], [[3,3],5]/2₁, 2₁/[[3,3],5], [[3,3],5]/3₀, 3₀/[[3,3],5], [[3,3],5]/3₁, 3₁/[[3,3],5], [[3,3],5]/5₀, 5₀/[[3,3],5], [[3,3],5]/5₁, 5₁/[[3,3],5], [[3,3],5]/7₀, 7₀/[[3,3],5], [[3,3],5]/7₁, 7₁/[[3,3],5], [[3,3],5]/11₀, 11₀/[[3,3],5], 1/[[3,3],5], [11,11]/61, 61/[11,11], 61/4, 4/61, 61/[2,3], [2,3]/61, 61/[2,5], [2,5]/61, 61/[2,7], [2,7]/61, 61/[3,2], [3,2]/61, 61/[3,3], [3,3]/61, 61/[3,5], [3,5]/61, 61/[3,7], [3,7]/61, 61/[5,2], [5,2]/61, 61/[5,3], [5,3]/61, 61/[5,5], [5,5]/61, 61/[7,2], [7,2]/61, 61/[7,3], [7,3]/61, 61/[7,5], [7,5]/61, 61/[11,2], [11,2]/61, 61/[11,3], [11,3]/61, 61/[11,5], [11,5]/61, [11,7]/61, 61/[11,7], 61/2₀, 2₀/61, 61/2₁, 2₁/61, 61/3₀, 3₀/61, 61/3₁, 3₁/61, 61/5₀, 5₀/61, 61/5₁, 5₁/61, 61/7₀, 7₀/61, 61/7₁, 7₁/61, 61/11₀, 11₀/61, 1/61, [11,11]/53, 53/[11,11], 53/4, 4/53, 53/[2,3], [2,3]/53, 53/[2,5], [2,5]/53, 53/[2,7], [2,7]/53, 53/[2,11], [2,11]/53, 53/[3,2], [3,2]/53, 53/[3,3], [3,3]/53, 53/[3,5], [3,5]/53, 53/[3,7], [3,7]/53, 53/[3,11], [3,11]/53, 53/[5,2], [5,2]/53, 53/[5,3], [5,3]/53, 53/[5,5], [5,5]/53, 53/[7,2], [7,2]/53, 53/[7,3], [7,3]/53, 53/[7,5], [7,5]/53, [7,11]/53, 53/[7,11], 53/2₀, 2₀/53, 53/2₁, 2₁/53, 53/3₀, 3₀/53, 53/3₁, 3₁/53, 53/5₀, 5₀/53, 53/5₁, 5₁/53, 53/7₀, 7₀/53, 53/7₁, 7₁/53, 53/11₁, 11₁/53, 1/53, [11,11]/73, 73/[11,11], 73/4, 4/73, 73/[2,3], [2,3]/73, 73/[2,5], [2,5]/73, 73/[2,7], [2,7]/73, 73/[2,11], [2,11]/73, 73/[3,2], [3,2]/73, 73/[3,3], [3,3]/73, 73/[3,5], [3,5]/73, 73/[3,7], [3,7]/73, 73/[3,11], [3,11]/73, 73/[5,2], [5,2]/73, 73/[5,3], [5,3]/73, 73/[5,5], [5,5]/73, 73/[7,2], [7,2]/73, 73/[7,3], [7,3]/73, 73/[7,5], [7,5]/73, 73/[11,2], [11,2]/73, 73/[11,3], [11,3]/73, 73/[11,5], [11,5]/73, 73/2₀, 2₀/73, 73/2₁, 2₁/73, 73/3₀, 3₀/73, 73/3₁, 3₁/73, 73/5₀, 5₀/73, 73/5₁, 5₁/73, 73/7₀, 7₀/73, 73/7₁, 7₁/73, 73/11₀, 11₀/73, 73/11₁, 11₁/73, 1/73, [11,11]/89, 89/[11,11], 89/4, 4/89, 89/[2,3], [2,3]/89, 89/[2,5], [2,5]/89, 89/[2,7], [2,7]/89, 89/[2,11], [2,11]/89, 89/[3,2], [3,2]/89, 89/[3,3], [3,3]/89, 89/[3,5], [3,5]/89, 89/[3,7], [3,7]/89, 89/[3,11], [3,11]/89, 89/[5,2], [5,2]/89, 89/[5,3], [5,3]/89, 89/[5,5], [5,5]/89, 89/[5,7], [5,7]/89, 89/[7,2], [7,2]/89, 89/[7,3], [7,3]/89, 89/[7,5], [7,5]/89, 89/[7,7], [7,7]/89, 89/[11,2], [11,2]/89, 89/[11,3], [11,3]/89, 89/[11,5], [11,5]/89, 89/[11,7], [11,7]/89, 89/2₀, 2₀/89, 89/2₁, 2₁/89, 89/3₀, 3₀/89, 89/3₁, 3₁/89, 89/5₀, 5₀/89, 89/5₁, 5₁/89, 89/7₀, 7₀/89, 89/7₁, 7₁/89, 89/11₀, 11₀/89, 89/11₁, 11₁/89, 1/89, [11,11]/[23,3], [23,3]/[11,11], [23,3]/4, 4/[23,3], [23,3]/[2,3], [2,3]/[23,3], [23,3]/[2,5], [2,5]/[23,3], [23,3]/[2,7], [2,7]/[23,3], [23,3]/[2,11], [2,11]/[23,3], [23,3]/[3,2], [3,2]/[23,3], [23,3]/[3,3], [3,3]/[23,3], [23,3]/[3,5], [3,5]/[23,3], [23,3]/[3,7], [3,7]/[23,3], [23,3]/[3,11], [3,11]/[23,3], [23,3]/[5,2], [5,2]/[23,3], [23,3]/[5,3], [5,3]/[23,3], [23,3]/[5,5], [5,5]/[23,3], [23,3]/[5,7], [5,7]/[23,3], [23,3]/[5,11], [5,11]/[23,3], [23,3]/[7,2], [7,2]/[23,3], [23,3]/[7,3], [7,3]/[23,3], [23,3]/[7,5], [7,5]/[23,3], [23,3]/[7,7], [7,7]/[23,3], [7,11]/[23,3], [23,3]/[7,11], [23,3]/2₀, 2₀/[23,3], [23,3]/2₁, 2₁/[23,3], [23,3]/3₀, 3₀/[23,3], [23,3]/3₁, 3₁/[23,3], [23,3]/5₀, 5₀/[23,3], [23,3]/5₁, 5₁/[23,3], [23,3]/7₀, 7₀/[23,3], [23,3]/7₁, 7₁/[23,3], [23,3]/11₁, 11₁/[23,3], 1/[23,3], [11,11]/97, 97/[11,11], 97/4, 4/97, 97/[2,3], [2,3]/97, 97/[2,5], [2,5]/97, 97/[2,7], [2,7]/97, 97/[2,11], [2,11]/97, 97/[3,2], [3,2]/97, 97/[3,3], [3,3]/97, 97/[3,5], [3,5]/97, 97/[3,7], [3,7]/97, 97/[3,11], [3,11]/97, 97/[5,2], [5,2]/97, 97/[5,3], [5,3]/97, 97/[5,5], [5,5]/97, 97/[5,7], [5,7]/97, 97/[5,11], [5,11]/97, 97/[7,2], [7,2]/97, 97/[7,3], [7,3]/97, 97/[7,5], [7,5]/97, 97/[7,7], [7,7]/97, 97/[11,2], [11,2]/97, 97/[11,3], [11,3]/97, 97/[11,5], [11,5]/97, 97/[11,7], [11,7]/97, 97/2₀, 2₀/97, 97/2₁, 2₁/97, 97/3₀, 3₀/97, 97/3₁, 3₁/97, 97/5₀, 5₀/97, 97/5₁, 5₁/97, 97/7₀, 7₀/97, 97/7₁, 7₁/97, 97/11₀, 11₀/97, 97/11₁, 11₁/97, 1/97, [11,11]/[[3,5],7], [[3,5],7]/[11,11], [[3,5],7]/4, 4/[[3,5],7], [[3,5],7]/[2,3], [2,3]/[[3,5],7], [[3,5],7]/[2,5], [2,5]/[[3,5],7], [[3,5],7]/[2,7], [2,7]/[[3,5],7], [[3,5],7]/[2,11], [2,11]/[[3,5],7], [[3,5],7]/[3,2], [3,2]/[[3,5],7], [[3,5],7]/[3,3], [3,3]/[[3,5],7], [[3,5],7]/[3,5], [3,5]/[[3,5],7], [[3,5],7]/[3,7], [3,7]/[[3,5],7], [[3,5],7]/[3,11], [3,11]/[[3,5],7], [[3,5],7]/[5,2], [5,2]/[[3,5],7], [[3,5],7]/[5,3], [5,3]/[[3,5],7], [[3,5],7]/[5,5], [5,5]/[[3,5],7], [[3,5],7]/[5,7], [5,7]/[[3,5],7], [[3,5],7]/[5,11], [5,11]/[[3,5],7], [[3,5],7]/[7,2], [7,2]/[[3,5],7], [[3,5],7]/[7,3], [7,3]/[[3,5],7], [[3,5],7]/[7,5], [7,5]/[[3,5],7], [[3,5],7]/[7,7], [7,7]/[[3,5],7], [[3,5],7]/[7,11], [7,11]/[[3,5],7], [[3,5],7]/[11,2], [11,2]/[[3,5],7], [[3,5],7]/[11,3], [11,3]/[[3,5],7], [[3,5],7]/[11,5], [11,5]/[[3,5],7], [[3,5],7]/[11,7], [11,7]/[[3,5],7], [[3,5],7]/2₀, 2₀/[[3,5],7], [[3,5],7]/2₁, 2₁/[[3,5],7], [[3,5],7]/3₀, 3₀/[[3,5],7], [[3,5],7]/3₁, 3₁/[[3,5],7], [[3,5],7]/5₀, 5₀/[[3,5],7], [[3,5],7]/5₁, 5₁/[[3,5],7], [[3,5],7]/7₀, 7₀/[[3,5],7], [[3,5],7]/7₁, 7₁/[[3,5],7], [[3,5],7]/11₀, 11₀/[[3,5],7], [[3,5],7]/11₁, 11₁/[[3,5],7], 1/[[3,5],7], [11,11]/[[3,3,3],3], [[3,3,3],3]/[11,11], [[3,3,3],3]/4, 4/[[3,3,3],3], [[3,3,3],3]/[2,3], [2,3]/[[3,3,3],3], [[3,3,3],3]/[2,5], [2,5]/[[3,3,3],3], [[3,3,3],3]/[2,7], [2,7]/[[3,3,3],3], [[3,3,3],3]/[2,11], [2,11]/[[3,3,3],3], [[3,3,3],3]/[3,2], [3,2]/[[3,3,3],3], [[3,3,3],3]/[3,3], [3,3]/[[3,3,3],3], [[3,3,3],3]/[3,5], [3,5]/[[3,3,3],3], [[3,3,3],3]/[3,7], [3,7]/[[3,3,3],3], [[3,3,3],3]/[3,11], [3,11]/[[3,3,3],3], [[3,3,3],3]/[5,2], [5,2]/[[3,3,3],3], [[3,3,3],3]/[5,3], [5,3]/[[3,3,3],3], [[3,3,3],3]/[5,5], [5,5]/[[3,3,3],3], [[3,3,3],3]/[5,7], [5,7]/[[3,3,3],3], [[3,3,3],3]/[5,11], [5,11]/[[3,3,3],3], [[3,3,3],3]/[7,2], [7,2]/[[3,3,3],3], [[3,3,3],3]/[7,3], [7,3]/[[3,3,3],3], [[3,3,3],3]/[7,5], [7,5]/[[3,3,3],3], [[3,3,3],3]/[7,7], [7,7]/[[3,3,3],3], [[3,3,3],3]/[7,11], [7,11]/[[3,3,3],3], [[3,3,3],3]/2₀, 2₀/[[3,3,3],3], [[3,3,3],3]/2₁, 2₁/[[3,3,3],3], [[3,3,3],3]/3₀, 3₀/[[3,3,3],3], [[3,3,3],3]/3₁, 3₁/[[3,3,3],3], [[3,3,3],3]/5₀, 5₀/[[3,3,3],3], [[3,3,3],3]/5₁, 5₁/[[3,3,3],3], [[3,3,3],3]/7₀, 7₀/[[3,3,3],3], [[3,3,3],3]/7₁, 7₁/[[3,3,3],3], [[3,3,3],3]/11₀, 11₀/[[3,3,3],3], [[3,3,3],3]/11₁, 11₁/[[3,3,3],3], 1/[[3,3,3],3])
read one lower:  11{Q*([11,11]/O159, O159/[11,11], O159/4, 4/O159, O159/[2,3], [2,3]/O159, O159/[2,5], [2,5]/O159, O159/[2,7], [2,7]/O159, O159/[3,2], [3,2]/O159, O159/[3,3], [3,3]/O159, O159/[3,5], [3,5]/O159, O159/[3,7], [3,7]/O159, O159/[5,2], [5,2]/O159, O159/[5,3], [5,3]/O159, O159/[5,5], [5,5]/O159, O159/[5,7], [5,7]/O159, O159/[7,2], [7,2]/O159, O159/[7,3], [7,3]/O159, O159/[7,5], [7,5]/O159, O159/[11,2], [11,2]/O159, O159/[11,3], [11,3]/O159, O159/[11,5], [11,5]/O159, [11,7]/O159, O159/[11,7], O159/2, 2/O159, O159/3, 3/O159, O159/5, 5/O159, O159/7, 7/O159, O159/11, 11/O159, 1/O159), Pq([11,11]/4, 4/[11,11], [11,11]/[2,3], [2,3]/[11,11], [11,11]/[2,5], [2,5]/[11,11], [11,11]/[2,7], [2,7]/[11,11], [11,11]/[2,11], [2,11]/[11,11], [11,11]/[3,2], [3,2]/[11,11], [11,11]/[3,3], [3,3]/[11,11], [11,11]/[3,5], [3,5]/[11,11], [11,11]/[3,7], [3,7]/[11,11], [11,11]/[3,11], [3,11]/[11,11], [11,11]/[5,2], [5,2]/[11,11], [11,11]/[5,3], [5,3]/[11,11], [11,11]/[5,5], [5,5]/[11,11], [11,11]/[5,7], [5,7]/[11,11], [11,11]/[5,11], [5,11]/[11,11], [11,11]/[7,2], [7,2]/[11,11], [11,11]/[7,3], [7,3]/[11,11], [11,11]/[7,5], [7,5]/[11,11], [11,11]/[7,7], [7,7]/[11,11], [11,11]/[7,11], [7,11]/[11,11], [11,11]/[11,2], [11,2]/[11,11], [11,11]/[11,3], [11,3]/[11,11], [11,11]/[11,5], [11,5]/[11,11], [11,11]/[11,7], [11,7]/[11,11], [11,11]/2, 2/[11,11], [11,11]/3, 3/[11,11], [11,11]/5, 5/[11,11], [11,11]/7, 7/[11,11], [[11,11]/11, [2,11]/2, [3,11]/3, [5,11]/5, [7,11]/7], [11/[11,11], 2/[2,11], 3/[3,11], 5/[5,11], 7/[7,11], 1/11], [[11,11]/11, [11,2]/2, [11,3]/3, [11,5]/5, [11,7]/7], [11/[11,11], 2/[11,2], 3/[11,3], 5/[11,5], 7/[11,7], 1/11], 1/[11,11], [2,3]/4, 4/[2,3], [2,5]/4, 4/[2,5], [2,7]/4, 4/[2,7], [2,11]/4, 4/[2,11], [3,2]/4, 4/[3,2], [3,3]/4, 4/[3,3], [3,5]/4, 4/[3,5], [3,7]/4, 4/[3,7], [3,11]/4, 4/[3,11], [5,2]/4, 4/[5,2], [5,3]/4, 4/[5,3], [5,5]/4, 4/[5,5], [5,7]/4, 4/[5,7], [5,11]/4, 4/[5,11], [7,2]/4, 4/[7,2], [7,3]/4, 4/[7,3], [7,5]/4, 4/[7,5], [7,7]/4, 4/[7,7], [7,11]/4, 4/[7,11], [11,2]/4, 4/[11,2], [11,3]/4, 4/[11,3], [11,5]/4, 4/[11,5], [11,7]/4, 4/[11,7], [4/2, [3,2]/3, [5,2]/5, [7,2]/7, [11,2]/11], [2/4, 3/[3,2], 5/[5,2], 7/[7,2], 11/[11,2], 1/2], [4/2, [2,3]/3, [2,5]/5, [2,7]/7, [2,11]/11], [2/4, 3/[2,3], 5/[2,5], 7/[2,7], 11/[2,11], 1/2], 1/4, [2,5]/[2,3], [2,3]/[2,5], [2,7]/[2,3], [2,3]/[2,7], [2,11]/[2,3], [2,3]/[2,11], [3,3]/[2,3], [2,3]/[3,3], [3,5]/[2,3], [2,3]/[3,5], [3,7]/[2,3], [2,3]/[3,7], [3,11]/[2,3], [2,3]/[3,11], [5,3]/[2,3], [2,3]/[5,3], [5,5]/[2,3], [2,3]/[5,5], [5,7]/[2,3], [2,3]/[5,7], [5,11]/[2,3], [2,3]/[5,11], [7,3]/[2,3], [2,3]/[7,3], [7,5]/[2,3], [2,3]/[7,5], [7,7]/[2,3], [2,3]/[7,7], [7,11]/[2,3], [2,3]/[7,11], [11,3]/[2,3], [2,3]/[11,3], [11,5]/[2,3], [2,3]/[11,5], [11,7]/[2,3], [2,3]/[11,7], [[2,3]/2, [3,3]/3, [5,3]/5, [7,3]/7, [11,3]/11], [2/[2,3], 3/[3,3], 5/[5,3], 7/[7,3], 11/[11,3], 1/3], [2,3]/2, 2/[2,3], 1/[2,3], [2,7]/[2,5], [2,5]/[2,7], [2,11]/[2,5], [2,5]/[2,11], [3,5]/[2,5], [2,5]/[3,5], [3,7]/[2,5], [2,5]/[3,7], [3,11]/[2,5], [2,5]/[3,11], [5,5]/[2,5], [2,5]/[5,5], [5,7]/[2,5], [2,5]/[5,7], [5,11]/[2,5], [2,5]/[5,11], [7,5]/[2,5], [2,5]/[7,5], [7,7]/[2,5], [2,5]/[7,7], [7,11]/[2,5], [2,5]/[7,11], [11,5]/[2,5], [2,5]/[11,5], [11,7]/[2,5], [2,5]/[11,7], [[2,5]/2, [3,5]/3, [5,5]/5, [7,5]/7, [11,5]/11], [2/[2,5], 3/[3,5], 5/[5,5], 7/[7,5], 11/[11,5], 1/5], [2,5]/2, 2/[2,5], [2,5]/3, 3/[2,5], 1/[2,5], [2,11]/[2,7], [2,7]/[2,11], [3,7]/[2,7], [2,7]/[3,7], [3,11]/[2,7], [2,7]/[3,11], [5,7]/[2,7], [2,7]/[5,7], [5,11]/[2,7], [2,7]/[5,11], [7,7]/[2,7], [2,7]/[7,7], [7,11]/[2,7], [2,7]/[7,11], [11,7]/[2,7], [2,7]/[11,7], [[2,7]/2, [3,7]/3, [5,7]/5, [7,7]/7, [11,7]/11], [2/[2,7], 3/[3,7], 5/[5,7], 7/[7,7], 11/[11,7], 1/7], [2,7]/2, 2/[2,7], [2,7]/3, 3/[2,7], [2,7]/5, 5/[2,7], 1/[2,7], [3,11]/[2,11], [2,11]/[3,11], [5,11]/[2,11], [2,11]/[5,11], [7,11]/[2,11], [2,11]/[7,11], [2,11]/2, 2/[2,11], [2,11]/3, 3/[2,11], [2,11]/5, 5/[2,11], [2,11]/7, 7/[2,11], 1/[2,11], [3,3]/[3,2], [3,2]/[3,3], [3,5]/[3,2], [3,2]/[3,5], [3,7]/[3,2], [3,2]/[3,7], [3,11]/[3,2], [3,2]/[3,11], [5,2]/[3,2], [3,2]/[5,2], [5,3]/[3,2], [3,2]/[5,3], [5,5]/[3,2], [3,2]/[5,5], [5,7]/[3,2], [3,2]/[5,7], [5,11]/[3,2], [3,2]/[5,11], [7,2]/[3,2], [3,2]/[7,2], [7,3]/[3,2], [3,2]/[7,3], [7,5]/[3,2], [3,2]/[7,5], [7,7]/[3,2], [3,2]/[7,7], [7,11]/[3,2], [3,2]/[7,11], [11,2]/[3,2], [3,2]/[11,2], [11,3]/[3,2], [3,2]/[11,3], [11,5]/[3,2], [3,2]/[11,5], [11,7]/[3,2], [3,2]/[11,7], [3,2]/2, 2/[3,2], [[3,2]/2, [3,3]/3, [3,5]/5, [3,7]/7, [3,11]/11], [2/[3,2], 3/[3,3], 5/[3,5], 7/[3,7], 11/[3,11], 1/3], 1/[3,2], [3,5]/[3,3], [3,3]/[3,5], [3,7]/[3,3], [3,3]/[3,7], [3,11]/[3,3], [3,3]/[3,11], [5,3]/[3,3], [3,3]/[5,3], [5,5]/[3,3], [3,3]/[5,5], [5,7]/[3,3], [3,3]/[5,7], [5,11]/[3,3], [3,3]/[5,11], [7,3]/[3,3], [3,3]/[7,3], [7,5]/[3,3], [3,3]/[7,5], [7,7]/[3,3], [3,3]/[7,7], [7,11]/[3,3], [3,3]/[7,11], [11,3]/[3,3], [3,3]/[11,3], [11,5]/[3,3], [3,3]/[11,5], [11,7]/[3,3], [3,3]/[11,7], [3,3]/2, 2/[3,3], 1/[3,3], [3,7]/[3,5], [3,5]/[3,7], [3,11]/[3,5], [3,5]/[3,11], [5,5]/[3,5], [3,5]/[5,5], [5,7]/[3,5], [3,5]/[5,7], [5,11]/[3,5], [3,5]/[5,11], [7,5]/[3,5], [3,5]/[7,5], [7,7]/[3,5], [3,5]/[7,7], [7,11]/[3,5], [3,5]/[7,11], [11,5]/[3,5], [3,5]/[11,5], [11,7]/[3,5], [3,5]/[11,7], [3,5]/2, 2/[3,5], [3,5]/3, 3/[3,5], 1/[3,5], [3,11]/[3,7], [3,7]/[3,11], [5,7]/[3,7], [3,7]/[5,7], [5,11]/[3,7], [3,7]/[5,11], [7,7]/[3,7], [3,7]/[7,7], [7,11]/[3,7], [3,7]/[7,11], [11,7]/[3,7], [3,7]/[11,7], [3,7]/2, 2/[3,7], [3,7]/3, 3/[3,7], [3,7]/5, 5/[3,7], 1/[3,7], [5,11]/[3,11], [3,11]/[5,11], [7,11]/[3,11], [3,11]/[7,11], [3,11]/2, 2/[3,11], [3,11]/3, 3/[3,11], [3,11]/5, 5/[3,11], [3,11]/7, 7/[3,11], 1/[3,11], [5,3]/[5,2], [5,2]/[5,3], [5,5]/[5,2], [5,2]/[5,5], [5,7]/[5,2], [5,2]/[5,7], [5,11]/[5,2], [5,2]/[5,11], [7,2]/[5,2], [5,2]/[7,2], [7,3]/[5,2], [5,2]/[7,3], [7,5]/[5,2], [5,2]/[7,5], [7,7]/[5,2], [5,2]/[7,7], [7,11]/[5,2], [5,2]/[7,11], [11,2]/[5,2], [5,2]/[11,2], [11,3]/[5,2], [5,2]/[11,3], [11,5]/[5,2], [5,2]/[11,5], [11,7]/[5,2], [5,2]/[11,7], [5,2]/2, 2/[5,2], [[5,2]/2, [5,3]/3, [5,5]/5, [5,7]/7, [5,11]/11], [2/[5,2], 3/[5,3], 5/[5,5], 7/[5,7], 11/[5,11], 1/5], [5,2]/3, 3/[5,2], 1/[5,2], [5,5]/[5,3], [5,3]/[5,5], [5,7]/[5,3], [5,3]/[5,7], [5,11]/[5,3], [5,3]/[5,11], [7,3]/[5,3], [5,3]/[7,3], [7,5]/[5,3], [5,3]/[7,5], [7,7]/[5,3], [5,3]/[7,7], [7,11]/[5,3], [5,3]/[7,11], [11,3]/[5,3], [5,3]/[11,3], [11,5]/[5,3], [5,3]/[11,5], [11,7]/[5,3], [5,3]/[11,7], [5,3]/2, 2/[5,3], [5,3]/3, 3/[5,3], 1/[5,3], [5,7]/[5,5], [5,5]/[5,7], [5,11]/[5,5], [5,5]/[5,11], [7,5]/[5,5], [5,5]/[7,5], [7,7]/[5,5], [5,5]/[7,7], [7,11]/[5,5], [5,5]/[7,11], [11,5]/[5,5], [5,5]/[11,5], [11,7]/[5,5], [5,5]/[11,7], [5,5]/2, 2/[5,5], [5,5]/3, 3/[5,5], 1/[5,5], [5,11]/[5,7], [5,7]/[5,11], [7,7]/[5,7], [5,7]/[7,7], [7,11]/[5,7], [5,7]/[7,11], [11,7]/[5,7], [5,7]/[11,7], [5,7]/2, 2/[5,7], [5,7]/3, 3/[5,7], [5,7]/5, 5/[5,7], 1/[5,7], [7,11]/[5,11], [5,11]/[7,11], [5,11]/2, 2/[5,11], [5,11]/3, 3/[5,11], [5,11]/5, 5/[5,11], [5,11]/7, 7/[5,11], 1/[5,11], [7,3]/[7,2], [7,2]/[7,3], [7,5]/[7,2], [7,2]/[7,5], [7,7]/[7,2], [7,2]/[7,7], [7,11]/[7,2], [7,2]/[7,11], [11,2]/[7,2], [7,2]/[11,2], [11,3]/[7,2], [7,2]/[11,3], [11,5]/[7,2], [7,2]/[11,5], [11,7]/[7,2], [7,2]/[11,7], [7,2]/2, 2/[7,2], [[7,2]/2, [7,3]/3, [7,5]/5, [7,7]/7, [7,11]/11], [2/[7,2], 3/[7,3], 5/[7,5], 7/[7,7], 11/[7,11], 1/7], [7,2]/3, 3/[7,2], [7,2]/5, 5/[7,2], 1/[7,2], [7,5]/[7,3], [7,3]/[7,5], [7,7]/[7,3], [7,3]/[7,7], [7,11]/[7,3], [7,3]/[7,11], [11,3]/[7,3], [7,3]/[11,3], [11,5]/[7,3], [7,3]/[11,5], [11,7]/[7,3], [7,3]/[11,7], [7,3]/2, 2/[7,3], [7,3]/3, 3/[7,3], [7,3]/5, 5/[7,3], 1/[7,3], [7,7]/[7,5], [7,5]/[7,7], [7,11]/[7,5], [7,5]/[7,11], [11,5]/[7,5], [7,5]/[11,5], [11,7]/[7,5], [7,5]/[11,7], [7,5]/2, 2/[7,5], [7,5]/3, 3/[7,5], [7,5]/5, 5/[7,5], 1/[7,5], [7,11]/[7,7], [7,7]/[7,11], [11,7]/[7,7], [7,7]/[11,7], [7,7]/2, 2/[7,7], [7,7]/3, 3/[7,7], [7,7]/5, 5/[7,7], 1/[7,7], [7,11]/2, 2/[7,11], [7,11]/3, 3/[7,11], [7,11]/5, 5/[7,11], [7,11]/7, 7/[7,11], 1/[7,11], [11,3]/[11,2], [11,2]/[11,3], [11,5]/[11,2], [11,2]/[11,5], [11,7]/[11,2], [11,2]/[11,7], [11,2]/2, 2/[11,2], [11,2]/3, 3/[11,2], [11,2]/5, 5/[11,2], [11,2]/7, 7/[11,2], 1/[11,2], [11,5]/[11,3], [11,3]/[11,5], [11,7]/[11,3], [11,3]/[11,7], [11,3]/2, 2/[11,3], [11,3]/3, 3/[11,3], [11,3]/5, 5/[11,3], [11,3]/7, 7/[11,3], 1/[11,3], [11,7]/[11,5], [11,5]/[11,7], [11,5]/2, 2/[11,5], [11,5]/3, 3/[11,5], [11,5]/5, 5/[11,5], [11,5]/7, 7/[11,5], 1/[11,5], [11,7]/2, 2/[11,7], [11,7]/3, 3/[11,7], [11,7]/5, 5/[11,7], [11,7]/7, 7/[11,7], 1/[11,7], 3/2, 2/3, 5/2, 2/5, 7/2, 2/7, 11/2, 2/11, 5/3, 3/5, 7/3, 3/7, 11/3, 3/11, 7/5, 5/7, 11/5, 5/11, 11/7, 7/11), Pn(62)}
limit of the container: [[3,5],7]/[11,11] = MM[[[3,5],7]] (1D) over MM[11,11] (2D)
rail after: 2 3 5 7 13 19 11 17 23 29 31 41 37 43 47 59 61 103 53 71 89 67 83 109 149 79 127 73 107 131 97 157 101 191 181 137 113 233 293 151 139 229 199 193 167 227 239 211 163 197 277 173 179 251 241 223 337 263 313 349 311 O159
seal sha256 84491d0f559568b3c4197527548edc8914e1459392aa10427dd7b3767e560501
