oscillated or rotating · up×downᵀ · seed 20260914
layer · flip real/shuffled (of 12,582,912) · lag 1…16 matches real | shuffled
0 · flip 5529666/6290634 · lags 2830 2779 2811 2743 2768 2716 2772 2745 2793 2807 2793 2839 2647 2668 2645 2839 | 2620 2781 2797 2824 2755 2695 2746 2636 2798 2847 2761 2699 2704 2636 2710 2669
  rotation layer 0: shift 0 real 207310 · top shifts 0:207310 528:186826 1012:186605 742:186514 212:186452 1846:186383 31:186352 596:186306 · real min 183724 · shuffled range 183381…186485 · real shifts above shuffled max 4
1 · flip 5607943/6287395 · lags 2901 2731 2747 2788 2823 2838 2814 2785 2764 2772 2806 2746 2794 2712 2803 2771 | 2809 2852 2763 2638 2752 2767 2862 2679 2778 2689 2604 2722 2783 2674 2806 2700
2 · flip 5278197/6292377 · lags 2876 2854 2719 2764 2756 2756 2776 2867 2838 2877 2696 2771 2765 2802 2793 2743 | 2659 2708 2806 2825 2688 2696 2682 2673 2680 2734 2779 2655 2656 2766 2666 2689
3 · flip 5088934/6290866 · lags 2817 2881 2892 2822 2850 2945 2838 2787 2742 2871 2920 2970 2764 2825 2847 2853 | 2814 2744 2699 2680 2731 2819 2732 2744 2669 2701 2754 2645 2697 2638 2774 2725
4 · flip 4904885/6289171 · lags 2925 2966 2859 2843 2837 2785 2923 2857 2877 2832 2764 2879 2830 2937 2818 2945 | 2801 2845 2793 2694 2671 2779 2637 2759 2780 2716 2679 2760 2757 2708 2718 2707
5 · flip 5073448/6291918 · lags 2895 2959 2823 2852 2921 2755 2741 2889 2875 2809 2808 2830 2836 2882 2937 2865 | 2605 2786 2726 2704 2754 2638 2800 2656 2710 2698 2701 2691 2782 2633 2677 2730
6 · flip 5075817/6288947 · lags 2791 2868 2816 2793 2837 2766 2848 2857 2803 2916 2887 2923 2909 2924 2916 2815 | 2793 2714 2758 2682 2728 2716 2755 2662 2735 2633 2672 2675 2778 2697 2667 2760
7 · flip 4974560/6291304 · lags 2927 2959 2913 2843 2767 2840 2827 2861 2888 2850 2925 2928 2894 2907 2865 2839 | 2688 2699 2629 2737 2776 2796 2762 2726 2648 2698 2787 2662 2737 2624 2743 2664
8 · flip 5245266/6294282 · lags 2754 2842 2766 2906 2839 2874 2792 2884 2869 2898 2812 2890 2837 2909 2760 2783 | 2776 2778 2744 2671 2714 2663 2633 2666 2681 2769 2639 2699 2738 2678 2673 2638
9 · flip 5439189/6290003 · lags 2944 2814 2861 2795 2766 2802 2804 2870 2864 2838 2856 2932 2896 2836 2895 2940 | 2745 2765 2661 2701 2692 2767 2744 2677 2626 2718 2787 2705 2713 2633 2701 2677
10 · flip 5830081/6291969 · lags 2802 2795 2874 2877 2794 2862 2803 2835 2819 2760 2777 2893 2727 2780 2880 2774 | 2719 2785 2702 2756 2751 2769 2652 2665 2735 2686 2792 2664 2716 2673 2738 2713
11 · flip 5995941/6290687 · lags 2829 2804 2723 2806 2761 2863 2813 2762 2773 2887 2816 2813 2859 2850 2813 2794 | 2749 2776 2748 2610 2714 2653 2709 2621 2635 2694 2755 2632 2630 2680 2790 2734
12 · flip 6173818/6288960 · lags 2876 2851 2878 2827 2817 2817 2738 2806 2852 2876 2806 2785 2875 2719 2775 2844 | 2683 2664 2737 2683 2699 2709 2748 2695 2745 2836 2755 2759 2694 2766 2767 2672
13 · flip 6290943/6287109 · lags 2747 2719 2864 2835 2738 2797 2790 2847 2830 2793 2699 2829 2843 2609 2739 2853 | 2606 2644 2686 2804 2773 2799 2687 2640 2643 2674 2675 2636 2779 2706 2757 2692
  rotation layer 13: shift 0 real 186133 · top shifts 1838:186740 245:186664 1072:186660 1980:186598 861:186483 862:186475 1728:186440 1562:186437 · real min 183728 · shuffled range 183611…186915 · real shifts above shuffled max 0
14 · flip 6405677/6291269 · lags 2813 2763 2782 2786 2788 2718 2710 2760 2842 2852 2785 2912 2777 2782 2739 2799 | 2729 2657 2653 2712 2734 2827 2739 2759 2704 2702 2699 2715 2647 2696 2610 2729
15 · flip 6545175/6291353 · lags 2866 2833 2733 2728 2748 2811 2758 2846 2790 2921 2822 2798 2734 2727 2698 2740 | 2663 2673 2711 2694 2707 2662 2697 2800 2675 2725 2671 2737 2659 2702 2653 2738
16 · flip 6631647/6293059 · lags 2751 2771 2789 2768 2774 2733 2720 2793 2797 2672 2792 2795 2722 2720 2792 2765 | 2682 2837 2781 2749 2826 2720 2716 2733 2767 2616 2613 2695 2684 2661 2704 2793
17 · flip 6466565/6290669 · lags 2764 2807 2744 2761 2784 2776 2838 2768 2779 2840 2690 2825 2750 2693 2721 2741 | 2686 2734 2732 2707 2727 2714 2770 2740 2773 2670 2782 2728 2669 2750 2702 2744
18 · flip 6572283/6292857 · lags 2736 2831 2898 2746 2814 2781 2799 2730 2776 2734 2750 2730 2793 2780 2723 2841 | 2712 2632 2729 2733 2707 2811 2671 2647 2656 2830 2775 2792 2572 2790 2738 2741
19 · flip 6550832/6293814 · lags 2805 2722 2717 2736 2883 2797 2799 2785 2783 2803 2786 2742 2774 2755 2718 2714 | 2682 2733 2647 2738 2599 2757 2776 2709 2741 2693 2690 2724 2687 2729 2701 2765
20 · flip 6591906/6289004 · lags 2694 2745 2711 2684 2659 2788 2794 2710 2718 2778 2779 2663 2666 2683 2799 2768 | 2732 2697 2681 2632 2726 2746 2710 2677 2789 2761 2611 2697 2751 2741 2708 2714
21 · flip 6588648/6290972 · lags 2750 2807 2794 2735 2675 2722 2805 2806 2737 2665 2660 2792 2771 2746 2758 2661 | 2741 2743 2701 2714 2681 2697 2717 2693 2722 2641 2690 2745 2687 2728 2788 2718
22 · flip 6610316/6291130 · lags 2729 2750 2791 2789 2801 2711 2795 2694 2599 2791 2785 2675 2770 2721 2734 2637 | 2665 2763 2704 2664 2724 2677 2716 2805 2725 2646 2735 2690 2678 2669 2718 2756
23 · flip 6687378/6292576 · lags 2806 2758 2689 2755 2785 2701 2777 2749 2792 2824 2715 2739 2723 2732 2646 2837 | 2719 2732 2703 2661 2655 2732 2743 2699 2700 2757 2639 2713 2642 2720 2833 2738
24 · flip 6817713/6293883 · lags 2711 2698 2757 2786 2766 2746 2788 2682 2672 2798 2739 2663 2737 2784 2766 2657 | 2734 2666 2691 2725 2740 2808 2661 2692 2736 2608 2743 2736 2713 2773 2696 2741
25 · flip 7034079/6293107 · lags 2723 2799 2784 2726 2762 2837 2785 2885 2904 2746 2635 2618 2740 2639 2824 2644 | 2765 2669 2765 2700 2653 2695 2765 2745 2764 2669 2705 2701 2725 2702 2662 2744
26 · flip 7344335/6289157 · lags 2816 2855 2696 2849 2767 2835 2760 2833 2826 2837 2751 2707 2741 2845 2787 2780 | 2689 2756 2706 2785 2746 2723 2747 2700 2690 2677 2772 2769 2696 2760 2656 2676
27 · flip 7585986/6287272 · lags 2903 2957 2823 2868 2795 2847 2862 2897 2840 2918 2912 2768 2873 2908 2943 2860 | 2769 2696 2623 2707 2779 2800 2623 2748 2763 2808 2725 2668 2695 2724 2700 2681
  rotation layer 27: shift 0 real 146670 · top shifts 1021:186539 1636:186504 1418:186468 1271:186465 1050:186458 1631:186434 1832:186406 518:186380 · real min 146670 · shuffled range 183628…186463 · real shifts above shuffled max 4
